1:ItNr	2:Metric	2:Metric0	2:Metric1	3a:Time	3b:StepSize	4:||Gradient0||	4:||Gradient1||	4:||Gradient||	Time0[ms]	Time1[ms]	Time[ms]
0	-0.706349	-0.712460	0.030556	0.000000	0.612958	0.175820	0.014993	0.175763	6	43	16027
1	-0.697093	-0.703476	0.031917	0.000000	0.612958	0.165392	0.015090	0.165298	7	52	60
2	-0.725478	-0.731756	0.031390	0.000000	0.612958	0.141703	0.014836	0.141535	7	43	52
3	-0.700397	-0.706615	0.031090	1.000000	0.585096	0.159873	0.015009	0.159913	7	51	59
4	-0.706839	-0.712838	0.029995	0.021284	0.612337	0.169147	0.014784	0.169106	7	43	50
5	-0.703771	-0.709858	0.030438	0.681035	0.593704	0.138977	0.014506	0.138900	7	49	57
6	-0.708810	-0.715179	0.031848	0.000000	0.612958	0.213811	0.015277	0.213703	7	43	51
7	-0.734638	-0.740914	0.031382	0.997660	0.585158	0.158357	0.014749	0.158344	7	49	57
8	-0.703615	-0.709983	0.031840	1.997660	0.559714	0.172657	0.014991	0.172764	8	44	53
9	-0.722494	-0.728646	0.030763	1.018949	0.584593	0.174626	0.014814	0.174589	6	51	58
10	-0.677373	-0.683723	0.031747	0.040233	0.611786	0.167152	0.015078	0.167253	6	46	53
11	-0.736135	-0.742382	0.031236	0.000000	0.612958	0.176823	0.015412	0.176771	7	50	59
12	-0.724915	-0.731430	0.032574	0.999905	0.585099	0.180209	0.016045	0.180068	8	44	52
13	-0.726102	-0.732494	0.031961	1.999905	0.559660	0.150733	0.015466	0.150593	6	52	59
14	-0.736045	-0.742590	0.032723	1.021189	0.584533	0.168332	0.015816	0.168121	6	87	95
15	-0.710138	-0.716317	0.030895	0.044941	0.611649	0.157459	0.014577	0.157317	8	70	78
16	-0.697202	-0.703372	0.030848	1.044929	0.583904	0.151503	0.014690	0.151329	28	55	85
17	-0.686910	-0.693218	0.031541	0.066213	0.611031	0.157289	0.015079	0.157293	7	46	54
18	-0.706321	-0.712611	0.031450	0.000000	0.612958	0.162786	0.015141	0.162854	9	49	59
19	-0.678843	-0.685202	0.031793	1.000000	0.585096	0.163712	0.015090	0.163618	6	50	57
20	-0.730645	-0.737121	0.032381	0.021285	0.612337	0.169886	0.015406	0.169984	8	64	72
21	-0.692258	-0.698531	0.031369	0.000000	0.612958	0.155544	0.014945	0.155338	9	58	68
22	-0.708585	-0.714998	0.032065	0.999977	0.585097	0.166464	0.015709	0.166396	9	149	161
23	-0.726290	-0.732974	0.033419	0.086847	0.610433	0.142369	0.015919	0.142233	30	144	176
24	-0.670319	-0.676662	0.031711	0.000000	0.612958	0.154791	0.015174	0.154676	10	169	180
25	-0.740522	-0.747379	0.034282	0.997391	0.585166	0.168729	0.016384	0.168551	33	152	186
26	-0.698942	-0.705761	0.034094	0.022401	0.612305	0.184064	0.016121	0.183849	78	143	223
27	-0.714360	-0.721033	0.033366	0.000000	0.612958	0.152367	0.015998	0.152422	29	121	151
28	-0.692064	-0.698479	0.032074	0.000000	0.612958	0.151800	0.015333	0.151743	8	162	172
29	-0.697956	-0.704620	0.033317	1.000000	0.585096	0.169523	0.016181	0.169480	28	101	130
30	-0.720689	-0.727253	0.032821	0.021989	0.612317	0.163515	0.015421	0.163651	10	151	162
31	-0.693582	-0.700030	0.032243	0.000000	0.612958	0.164627	0.015416	0.164580	32	175	208
32	-0.728909	-0.735640	0.033655	1.000000	0.585096	0.148038	0.015996	0.147742	14	145	160
33	-0.721420	-0.728034	0.033072	0.021285	0.612337	0.154657	0.015887	0.154649	31	111	143
34	-0.715592	-0.722090	0.032493	1.021285	0.584531	0.161762	0.015300	0.161636	17	72	90
35	-0.719029	-0.725589	0.032804	1.605025	0.569436	0.155396	0.015783	0.155340	7	43	51
36	-0.668832	-0.675248	0.032084	2.605025	0.545313	0.161433	0.015631	0.161487	7	48	56
37	-0.734730	-0.741389	0.033297	1.626310	0.568900	0.189704	0.015527	0.189720	7	43	51
38	-0.738841	-0.745430	0.032947	0.800440	0.590452	0.149406	0.015971	0.149276	6	49	56
39	-0.698871	-0.705699	0.034140	1.800440	0.564556	0.165195	0.016234	0.165096	8	43	53
40	-0.736857	-0.743519	0.033311	1.191725	0.580041	0.175773	0.016098	0.175931	7	52	59
41	-0.712894	-0.719597	0.033514	2.191725	0.555031	0.141584	0.016232	0.141417	7	43	52
42	-0.730454	-0.737264	0.034054	1.977306	0.560210	0.145206	0.016504	0.145104	7	48	56
43	-0.709983	-0.716935	0.034758	0.998591	0.585134	0.175520	0.016602	0.175434	8	68	78
44	-0.726439	-0.733133	0.033469	0.150702	0.608590	0.163603	0.015599	0.163575	9	120	131
45	-0.735097	-0.741832	0.033678	1.150702	0.581115	0.169889	0.016026	0.169885	10	172	183
46	-0.710431	-0.717102	0.033352	2.128721	0.556542	0.159238	0.015857	0.159242	36	161	198
47	-0.677258	-0.683802	0.032718	1.150005	0.581134	0.156026	0.015508	0.155828	28	127	158
48	-0.723741	-0.730828	0.035435	0.171303	0.607998	0.189871	0.017091	0.190005	32	111	145
49	-0.727422	-0.734048	0.033128	1.171303	0.580576	0.176451	0.015953	0.176295	30	122	155
50	-0.706936	-0.713673	0.033684	0.192588	0.607388	0.199147	0.016081	0.199020	9	159	169
51	-0.711879	-0.718563	0.033417	1.192588	0.580019	0.148025	0.015777	0.148094	9	144	155
52	-0.715495	-0.722321	0.034132	2.192588	0.555010	0.193190	0.016280	0.193327	32	121	155
53	-0.715417	-0.722150	0.033666	1.416154	0.574234	0.180593	0.015925	0.180505	28	121	153
54	-0.730182	-0.737089	0.034538	2.415744	0.549721	0.153961	0.015964	0.153853	6	46	53
55	-0.668615	-0.675358	0.033712	3.415744	0.527206	0.168296	0.016233	0.168389	10	45	56
56	-0.707469	-0.714205	0.033682	2.437029	0.549221	0.185803	0.015944	0.185822	7	43	50
57	-0.688698	-0.695393	0.033479	1.458314	0.573156	0.168177	0.015519	0.168157	11	44	57
58	-0.715455	-0.722285	0.034150	2.458314	0.548723	0.149908	0.016150	0.149883	7	44	52
59	-0.736699	-0.743678	0.034894	3.458314	0.526288	0.132464	0.016214	0.132362	14	43	57
60	-0.705954	-0.712722	0.033836	4.412554	0.506526	0.156332	0.016129	0.156632	6	43	51
61	-0.680931	-0.687424	0.032463	3.433838	0.526815	0.149516	0.016012	0.149473	9	45	55
62	-0.694129	-0.700654	0.032625	2.455173	0.548796	0.169248	0.015534	0.169119	8	80	88
63	-0.735660	-0.742049	0.031944	3.455141	0.526356	0.177105	0.015265	0.177215	10	163	175
64	-0.701572	-0.708235	0.033311	2.476426	0.548300	0.155369	0.015853	0.155384	7	118	126
65	-0.650002	-0.656644	0.033212	1.497710	0.572152	0.149114	0.016402	0.149109	13	49	63
66	-0.734764	-0.741459	0.033478	0.531976	0.597814	0.160075	0.016529	0.160028	6	44	52
67	-0.705982	-0.712739	0.033786	1.531975	0.571282	0.165291	0.016288	0.165218	8	46	56
68	-0.711699	-0.718671	0.034860	2.531975	0.547005	0.157955	0.016595	0.157743	6	44	51
69	-0.722169	-0.729000	0.034154	1.575199	0.570188	0.154826	0.016330	0.154684	8	47	57
70	-0.711138	-0.717651	0.032565	2.458798	0.548712	0.158040	0.015778	0.158095	7	43	51
71	-0.732240	-0.739144	0.034520	1.547504	0.570889	0.176629	0.016855	0.176289	8	52	60
72	-0.693414	-0.700298	0.034422	0.568862	0.596792	0.153018	0.016478	0.152851	10	124	135
73	-0.671340	-0.678041	0.033505	0.000000	0.612958	0.144279	0.015734	0.144137	32	142	176
74	-0.745006	-0.751822	0.034080	0.000000	0.612958	0.176584	0.016020	0.176499	33	183	217
75	-0.684476	-0.691102	0.033128	0.999983	0.585097	0.164996	0.015755	0.164943	16	170	186
76	-0.704360	-0.711217	0.034289	1.999941	0.559659	0.160263	0.016456	0.160241	10	45	57
77	-0.710038	-0.716875	0.034185	2.977215	0.536848	0.151370	0.016271	0.151546	6	49	57
78	-0.708287	-0.715156	0.034343	1.998500	0.559694	0.169133	0.016504	0.169055	8	42	51
79	-0.728967	-0.736034	0.035332	1.019784	0.584570	0.139395	0.017248	0.139328	6	50	57
80	-0.713960	-0.721057	0.035483	0.098386	0.610100	0.147061	0.016962	0.146785	8	67	77
81	-0.707345	-0.714018	0.033366	1.098386	0.582491	0.140914	0.015743	0.140910	7	116	125
82	-0.713118	-0.720235	0.035587	2.084175	0.557616	0.162826	0.016562	0.162864	72	203	277
83	-0.709842	-0.716810	0.034842	1.105459	0.582305	0.178398	0.016365	0.178247	31	54	86
84	-0.719452	-0.726216	0.033821	2.105459	0.557103	0.144451	0.016360	0.144276	7	44	51
85	-0.720622	-0.727464	0.034209	1.126744	0.581745	0.160418	0.016335	0.160243	6	51	59
86	-0.696805	-0.703773	0.034840	0.148130	0.608664	0.175608	0.016378	0.175639	8	90	99
87	-0.702714	-0.709516	0.034012	0.000000	0.612958	0.152344	0.016386	0.152106	35	118	153
88	-0.701003	-0.707995	0.034960	0.929053	0.586989	0.155610	0.016713	0.155420	34	145	179
89	-0.733152	-0.740166	0.035072	1.929053	0.561389	0.153511	0.017030	0.153332	33	175	210
90	-0.695864	-0.702583	0.033598	0.950368	0.586419	0.183389	0.015967	0.183265	28	126	156
91	-0.738020	-0.744700	0.033400	0.000000	0.612958	0.196676	0.015807	0.196722	30	122	153
92	-0.728322	-0.735239	0.034585	0.000000	0.612958	0.165154	0.016285	0.164935	29	150	180
93	-0.704556	-0.711757	0.036004	0.000000	0.612958	0.165871	0.017404	0.165580	10	116	127
94	-0.715813	-0.723061	0.036238	0.000000	0.612958	0.146448	0.017171	0.146485	10	169	182
95	-0.718002	-0.725185	0.035919	0.000000	0.612958	0.160532	0.016862	0.160501	31	170	204
96	-0.740161	-0.747640	0.037394	0.999534	0.585109	0.153226	0.017760	0.152878	33	123	158
97	-0.734244	-0.741386	0.035714	1.618203	0.569104	0.149229	0.016881	0.149243	33	153	187
98	-0.745523	-0.752520	0.034983	0.723567	0.592542	0.158579	0.016881	0.158353	19	160	179
99	-0.697671	-0.704794	0.035612	0.000000	0.612958	0.154291	0.016492	0.154248	32	125	158
100	-0.736335	-0.743566	0.036154	0.000000	0.612958	0.145053	0.017142	0.144948	34	173	209
101	-0.717105	-0.724270	0.035827	0.000000	0.612958	0.159810	0.017341	0.159777	27	189	218
102	-0.702070	-0.709049	0.034896	0.996268	0.585195	0.148264	0.016676	0.148136	14	115	132
103	-0.732647	-0.739644	0.034988	0.017552	0.612446	0.169197	0.016501	0.169002	35	159	196
104	-0.709068	-0.716415	0.036738	0.000000	0.612958	0.152218	0.017496	0.152221	31	124	157
105	-0.707606	-0.714730	0.035618	0.000000	0.612958	0.148993	0.017053	0.148876	29	143	174
106	-0.737515	-0.744442	0.034631	0.000000	0.612958	0.160093	0.016333	0.160012	29	114	145
107	-0.744162	-0.751379	0.036086	1.000000	0.585096	0.150409	0.017174	0.150516	31	48	81
108	-0.723937	-0.731072	0.035672	0.021285	0.612337	0.195215	0.016855	0.195193	6	48	56
109	-0.727797	-0.734911	0.035567	1.021285	0.584531	0.172224	0.016896	0.172106	6	45	53
110	-0.735745	-0.742783	0.035194	0.058147	0.611265	0.165025	0.016820	0.164767	9	50	60
111	-0.695895	-0.702851	0.034778	0.000000	0.612958	0.146617	0.016572	0.146479	6	44	51
112	-0.729089	-0.736474	0.036926	0.000000	0.612958	0.176776	0.017515	0.176786	6	47	54
113	-0.696924	-0.703962	0.035186	0.000000	0.612958	0.165632	0.016691	0.165713	6	43	50
114	-0.705410	-0.712691	0.036407	1.000000	0.585096	0.159768	0.017895	0.159518	7	48	55
115	-0.692200	-0.699349	0.035748	1.989373	0.559916	0.184742	0.016776	0.184725	6	43	50
116	-0.702557	-0.709852	0.036477	2.989373	0.536576	0.160153	0.017053	0.160000	6	46	54
117	-0.724211	-0.731500	0.036440	2.010658	0.559398	0.181823	0.016996	0.181625	6	44	51
118	-0.682618	-0.690040	0.037109	3.010651	0.536100	0.173405	0.017526	0.173401	6	47	54
119	-0.728435	-0.735850	0.037076	4.010650	0.514665	0.165011	0.017728	0.164965	8	42	51
120	-0.717755	-0.725183	0.037142	3.031950	0.535625	0.162695	0.017409	0.162746	6	43	50
121	-0.732922	-0.740298	0.036881	4.031948	0.514227	0.162412	0.017562	0.162388	13	48	62
122	-0.719658	-0.726737	0.035393	5.031947	0.494474	0.188236	0.016785	0.188270	7	53	61
123	-0.699393	-0.706422	0.035146	4.053231	0.513791	0.181471	0.016673	0.181536	8	47	56
124	-0.726022	-0.733232	0.036054	4.374503	0.507285	0.184797	0.017068	0.184795	8	53	63
125	-0.718740	-0.725864	0.035618	5.374503	0.488051	0.155223	0.017274	0.155113	7	46	54
126	-0.736225	-0.743537	0.036560	4.395788	0.506860	0.167059	0.017549	0.167116	7	50	58
127	-0.720862	-0.728195	0.036667	5.395788	0.487658	0.138789	0.017011	0.138743	6	43	51
128	-0.710653	-0.717887	0.036169	4.417072	0.506436	0.178551	0.017129	0.178520	6	52	60
129	-0.717732	-0.725059	0.036631	5.416181	0.487281	0.152609	0.017221	0.152382	8	47	56
130	-0.739820	-0.747317	0.037487	4.437465	0.506030	0.172576	0.018095	0.172371	8	53	63
131	-0.733475	-0.740628	0.035762	3.458750	0.526279	0.161443	0.016806	0.161546	7	46	55
132	-0.737554	-0.744863	0.036544	2.480034	0.548215	0.170381	0.017102	0.170515	13	51	65
133	-0.727948	-0.735288	0.036699	1.501319	0.572060	0.163144	0.017188	0.163273	7	50	58
134	-0.728776	-0.735999	0.036115	0.522603	0.598074	0.164650	0.017624	0.164774	16	57	75
135	-0.724583	-0.731760	0.035885	1.405600	0.574504	0.155086	0.017079	0.154902	6	51	59
136	-0.727504	-0.735390	0.039429	2.404715	0.549980	0.146806	0.018594	0.146827	12	67	80
137	-0.680252	-0.687823	0.037855	1.426001	0.573982	0.162727	0.017931	0.162788	11	43	56
138	-0.713289	-0.720652	0.036815	2.425862	0.549483	0.139322	0.017434	0.139219	8	43	52
139	-0.721868	-0.729226	0.036791	1.447156	0.573441	0.206103	0.017202	0.205921	6	48	55
140	-0.704339	-0.711285	0.034734	2.447156	0.548984	0.146902	0.016549	0.146847	13	57	71
141	-0.723172	-0.730640	0.037340	1.468440	0.572898	0.151761	0.017891	0.151877	16	46	62
142	-0.711841	-0.719087	0.036230	2.468436	0.548486	0.190272	0.017110	0.190252	7	51	59
143	-0.727608	-0.735117	0.037549	2.348516	0.551303	0.170251	0.018034	0.170044	6	45	53
144	-0.729785	-0.737306	0.037607	3.144321	0.533132	0.160698	0.017861	0.160537	7	51	59
145	-0.735274	-0.742480	0.036032	2.165606	0.555656	0.171986	0.017115	0.171962	11	168	180
146	-0.742384	-0.749782	0.036990	3.165605	0.532663	0.175782	0.017425	0.175652	9	145	155
147	-0.724606	-0.731834	0.036145	2.186890	0.555146	0.157927	0.016858	0.157864	29	77	107
148	-0.718310	-0.725895	0.037927	1.229106	0.579066	0.168849	0.017663	0.168688	7	45	54
149	-0.701319	-0.708463	0.035719	0.250390	0.605735	0.167079	0.016870	0.167012	7	54	61
150	-0.728997	-0.736437	0.037197	0.000000	0.612958	0.164714	0.017575	0.164589	6	44	51
151	-0.717704	-0.725061	0.036783	0.998712	0.585130	0.137155	0.017377	0.137239	6	51	58
152	-0.719048	-0.726219	0.035855	0.019996	0.612375	0.202506	0.016994	0.202554	7	43	50
153	-0.742887	-0.750378	0.037456	1.019996	0.584565	0.168332	0.018043	0.168130	6	52	59
154	-0.743285	-0.750681	0.036980	2.019996	0.559171	0.175476	0.017871	0.175368	7	43	51
155	-0.701386	-0.708638	0.036261	1.041283	0.584000	0.145391	0.016793	0.145345	6	49	55
156	-0.720151	-0.727610	0.037294	2.041240	0.558656	0.164569	0.017758	0.164566	7	42	50
157	-0.724890	-0.732472	0.037906	1.778472	0.565100	0.151493	0.017874	0.151311	6	50	57
158	-0.711543	-0.719299	0.038778	0.799757	0.590471	0.160364	0.018784	0.160428	6	44	51
159	-0.748695	-0.756062	0.036832	0.000000	0.612958	0.145647	0.017743	0.145487	6	52	60
160	-0.700567	-0.708117	0.037751	0.998253	0.585143	0.211852	0.018062	0.211841	6	43	50
161	-0.694436	-0.701908	0.037359	0.019538	0.612388	0.153010	0.017502	0.152986	6	52	59
162	-0.735478	-0.743081	0.038014	1.019538	0.584577	0.149159	0.018266	0.149288	6	43	50
163	-0.695351	-0.703024	0.038362	2.019538	0.559182	0.188103	0.017890	0.188082	7	52	60
164	-0.697170	-0.704764	0.037968	3.019538	0.535902	0.161353	0.017922	0.161321	6	43	51
165	-0.713995	-0.721197	0.036012	2.040822	0.558666	0.160995	0.017030	0.160910	6	51	59
166	-0.714650	-0.722309	0.038293	1.062107	0.583449	0.170578	0.018187	0.170281	6	47	54
167	-0.690719	-0.698168	0.037244	2.061439	0.558166	0.150131	0.017832	0.150127	6	52	60
168	-0.719133	-0.726480	0.036735	1.082932	0.582899	0.192374	0.017446	0.192156	7	44	51
169	-0.726226	-0.733854	0.038140	0.124000	0.609360	0.148664	0.017987	0.148534	6	50	57
170	-0.755374	-0.763103	0.038646	1.041603	0.583992	0.171400	0.018370	0.171482	6	43	50
171	-0.715604	-0.723359	0.038773	2.041603	0.558647	0.160959	0.017872	0.161125	7	48	56
172	-0.718537	-0.726252	0.038574	3.041603	0.535410	0.165116	0.018439	0.164817	6	43	50
173	-0.698435	-0.705730	0.036471	2.062887	0.558131	0.165065	0.017449	0.164858	7	50	58
174	-0.724733	-0.732096	0.036814	3.062887	0.534936	0.161751	0.017228	0.161780	6	43	51
175	-0.718539	-0.726141	0.038007	2.084205	0.557616	0.188897	0.017662	0.188867	7	50	58
176	-0.696373	-0.703828	0.037273	1.105494	0.582304	0.166324	0.017820	0.166155	6	43	51
177	-0.754151	-0.762051	0.039501	2.101774	0.557192	0.184376	0.018599	0.184314	6	56	64
178	-0.686979	-0.694540	0.037807	3.101774	0.534073	0.159452	0.017663	0.159517	7	42	50
179	-0.686035	-0.693341	0.036531	2.123059	0.556679	0.182607	0.017049	0.182615	6	52	59
180	-0.685129	-0.692715	0.037928	1.144343	0.581282	0.167485	0.018085	0.167138	6	43	51
181	-0.698434	-0.705868	0.037168	2.053010	0.558370	0.156114	0.017718	0.155746	7	51	58
182	-0.717292	-0.725057	0.038827	1.074295	0.583127	0.170947	0.018301	0.170896	7	46	55
183	-0.728059	-0.735716	0.038288	0.095579	0.610181	0.181883	0.018223	0.181519	7	53	60
184	-0.742092	-0.749965	0.039365	0.000000	0.612958	0.159684	0.018253	0.159374	7	43	51
185	-0.722568	-0.730132	0.037819	0.000000	0.612958	0.143261	0.017452	0.143237	6	52	60
186	-0.726144	-0.733791	0.038232	0.999999	0.585096	0.187657	0.017839	0.187419	7	43	50
187	-0.725681	-0.733126	0.037225	1.992696	0.559835	0.161384	0.017575	0.161184	7	52	61
188	-0.722793	-0.730488	0.038474	1.013981	0.584725	0.158544	0.017864	0.158679	6	43	50
189	-0.685665	-0.693346	0.038404	2.013945	0.559318	0.147290	0.018091	0.147047	6	50	58
190	-0.701684	-0.709744	0.040303	1.592849	0.569743	0.162810	0.019257	0.162783	7	46	53
191	-0.708894	-0.716707	0.039065	2.592669	0.545598	0.174978	0.018606	0.174856	9	51	62
192	-0.720952	-0.728683	0.038653	1.624331	0.568950	0.168666	0.018043	0.168607	6	43	50
193	-0.735496	-0.743284	0.038938	0.645616	0.594675	0.164048	0.018378	0.164120	6	53	60
194	-0.711102	-0.718475	0.036867	1.645615	0.568415	0.174682	0.017376	0.174552	7	43	52
195	-0.704041	-0.711791	0.038749	2.636090	0.544596	0.180192	0.018154	0.180089	8	48	56
196	-0.703106	-0.711013	0.039536	1.712400	0.566744	0.160702	0.018132	0.160524	6	42	50
197	-0.670941	-0.678684	0.038715	0.745284	0.591950	0.158986	0.017927	0.158885	6	52	59
198	-0.720628	-0.728476	0.039243	1.745283	0.565925	0.130789	0.018650	0.130733	7	50	58
199	-0.737184	-0.744829	0.038228	1.639485	0.568569	0.162502	0.017838	0.162486	11	48	60
200	-0.659755	-0.667589	0.039168	1.712057	0.566753	0.157500	0.017881	0.157389	6	50	57
201	-0.697627	-0.705515	0.039439	1.375812	0.575269	0.148535	0.018646	0.148362	9	44	55
202	-0.682758	-0.690588	0.039153	0.397099	0.601582	0.139313	0.018468	0.139183	6	45	52
203	-0.734180	-0.742124	0.039722	0.000000	0.612958	0.181786	0.018515	0.181735	8	44	52
204	-0.693211	-0.701235	0.040119	1.000000	0.585096	0.151629	0.019016	0.151349	7	48	56
205	-0.725529	-0.733781	0.041259	2.000000	0.559657	0.153336	0.019245	0.153031	9	44	54
206	-0.728241	-0.736362	0.040606	3.000000	0.536338	0.161604	0.019172	0.161355	6	43	51
207	-0.716336	-0.724439	0.040517	3.999999	0.514885	0.171683	0.018838	0.171516	11	44	57
208	-0.710220	-0.718313	0.040463	3.021283	0.535863	0.155150	0.019319	0.154889	7	43	50
209	-0.699723	-0.707870	0.040734	2.042568	0.558623	0.161100	0.019084	0.160662	6	51	58
210	-0.725036	-0.732849	0.039065	1.080242	0.582970	0.152400	0.017954	0.152422	7	42	51
211	-0.732822	-0.741018	0.040981	0.101527	0.610009	0.161198	0.019321	0.160954	12	44	57
212	-0.735567	-0.743601	0.040168	1.101527	0.582408	0.144487	0.018830	0.144246	7	43	50
213	-0.713956	-0.722343	0.041932	2.101527	0.557198	0.143096	0.019525	0.142994	9	46	55
214	-0.735747	-0.743879	0.040660	3.101525	0.534079	0.148245	0.019110	0.148260	6	43	50
215	-0.734465	-0.742534	0.040345	2.126328	0.556600	0.161927	0.018972	0.161762	6	51	59
216	-0.739050	-0.747259	0.041044	3.126328	0.533530	0.158780	0.019023	0.158613	7	42	50
217	-0.725932	-0.734036	0.040522	2.147739	0.556085	0.174012	0.019236	0.174135	6	52	59
218	-0.727983	-0.736099	0.040580	3.147724	0.533057	0.159863	0.019198	0.159768	6	44	51
219	-0.727889	-0.736213	0.041620	2.169036	0.555574	0.170236	0.019405	0.170190	7	47	55
220	-0.726269	-0.734350	0.040404	3.169036	0.532587	0.179831	0.018879	0.179731	6	44	50
221	-0.715373	-0.723729	0.041779	2.190320	0.555064	0.165461	0.019442	0.165429	6	52	59
222	-0.726313	-0.734584	0.041356	3.134009	0.533360	0.157222	0.018914	0.157025	8	65	74
223	-0.707518	-0.715984	0.042330	2.155294	0.555904	0.171504	0.019422	0.171426	12	114	128
224	-0.690197	-0.698388	0.040956	3.155294	0.532890	0.144537	0.019079	0.144642	35	99	134
225	-0.696996	-0.705367	0.041855	3.539521	0.524546	0.162273	0.019220	0.162276	12	73	87
226	-0.717814	-0.726435	0.043104	3.232957	0.531182	0.161511	0.020034	0.161439	28	123	152
227	-0.739216	-0.747555	0.041695	2.254242	0.553538	0.163723	0.019495	0.163600	33	155	191
228	-0.753647	-0.761884	0.041183	1.275526	0.577859	0.184801	0.018929	0.184714	54	143	198
229	-0.753349	-0.761811	0.042310	0.296811	0.604415	0.160241	0.019625	0.160085	32	146	180
230	-0.734447	-0.742540	0.040466	1.296811	0.577307	0.156005	0.018965	0.156048	13	177	193
231	-0.727362	-0.735958	0.042977	2.296811	0.552527	0.174072	0.019614	0.173958	31	95	131
232	-0.729077	-0.737163	0.040431	1.318096	0.576757	0.170087	0.018568	0.170137	11	164	176
233	-0.757409	-0.765942	0.042664	0.339381	0.603209	0.153059	0.019925	0.152636	27	121	150
234	-0.692393	-0.700290	0.039484	0.000000	0.612958	0.164858	0.018319	0.164709	7	55	64
235	-0.722974	-0.731344	0.041853	0.309214	0.604063	0.194301	0.019553	0.194184	6	44	52
236	-0.686200	-0.694585	0.041928	0.000000	0.612958	0.152531	0.019356	0.152597	7	52	60
237	-0.693130	-0.701147	0.040083	0.000000	0.612958	0.130282	0.018503	0.130066	7	89	97
238	-0.738991	-0.747123	0.040661	0.036926	0.611882	0.162415	0.018954	0.162325	27	119	150
239	-0.686671	-0.694774	0.040517	0.000000	0.612958	0.143502	0.018952	0.143504	7	76	85
240	-0.706296	-0.714478	0.040907	0.000000	0.612958	0.167354	0.018820	0.167205	7	50	58
241	-0.710195	-0.718594	0.041992	1.000000	0.585096	0.137327	0.019283	0.137425	7	95	103
242	-0.713755	-0.722000	0.041223	1.972541	0.560326	0.130324	0.019370	0.130173	31	121	152
243	-0.718876	-0.727095	0.041095	0.994016	0.585255	0.163750	0.019142	0.163655	31	121	154
244	-0.737899	-0.746736	0.044185	0.039885	0.611796	0.158663	0.020112	0.158671	33	141	176
245	-0.712509	-0.720649	0.040700	0.000000	0.612958	0.169041	0.018497	0.168808	10	113	126
246	-0.751925	-0.760340	0.042072	0.000000	0.612958	0.149868	0.019329	0.149662	31	49	84
247	-0.726172	-0.734610	0.042187	1.000000	0.585096	0.161606	0.019615	0.161588	12	68	82
248	-0.713606	-0.722106	0.042500	2.000000	0.559657	0.179735	0.019393	0.179442	6	54	62
249	-0.732177	-0.740756	0.042893	1.021285	0.584531	0.178194	0.019994	0.177773	7	44	51
250	-0.722204	-0.730462	0.041294	2.021285	0.559140	0.168512	0.018764	0.168411	7	50	59
251	-0.737696	-0.746396	0.043499	3.021285	0.535863	0.171052	0.020209	0.170642	6	46	53
252	-0.716838	-0.725282	0.042222	4.021284	0.514447	0.162871	0.019151	0.162604	13	55	69
253	-0.726905	-0.735672	0.043833	3.042569	0.535389	0.193980	0.020434	0.193968	6	43	51
254	-0.724166	-0.732876	0.043548	2.065136	0.558077	0.161945	0.019656	0.161775	8	48	57
255	-0.715584	-0.724221	0.043184	3.065130	0.534887	0.164182	0.019806	0.164247	6	43	49
256	-0.704590	-0.712910	0.041597	4.065130	0.513547	0.160134	0.019160	0.160066	6	53	61
257	-0.737440	-0.746219	0.043892	3.086415	0.534414	0.156540	0.019594	0.156510	6	44	50
258	-0.714025	-0.722460	0.042178	4.086415	0.513111	0.136529	0.019685	0.136460	6	52	60
259	-0.743491	-0.752052	0.042802	5.086097	0.493447	0.159454	0.019652	0.159511	6	44	51
260	-0.773036	-0.781454	0.042091	4.108444	0.512661	0.169616	0.019288	0.169411	7	49	57
261	-0.691508	-0.699903	0.041975	5.108443	0.493025	0.146686	0.019577	0.146444	6	45	52
262	-0.713809	-0.722588	0.043894	4.129727	0.512227	0.195705	0.020247	0.195388	6	56	64
263	-0.727617	-0.736123	0.042529	3.799960	0.519038	0.147240	0.019812	0.147236	7	123	132
264	-0.723690	-0.732265	0.042874	2.821244	0.540363	0.142694	0.019467	0.142520	34	158	193
265	-0.709420	-0.717859	0.042192	1.842529	0.563515	0.161336	0.019097	0.161166	30	123	155
266	-0.721740	-0.730310	0.042846	0.869811	0.588579	0.154550	0.019725	0.154573	30	96	127
267	-0.758196	-0.767015	0.044097	0.000000	0.612958	0.170838	0.020521	0.170703	30	69	100
268	-0.729407	-0.737887	0.042399	0.998183	0.585144	0.165831	0.019286	0.165588	10	45	57
269	-0.717674	-0.726390	0.043579	1.997101	0.559728	0.163185	0.020361	0.162940	7	43	51
270	-0.691321	-0.700049	0.043640	2.786679	0.541148	0.167111	0.019894	0.167028	9	48	57
271	-0.699806	-0.708540	0.043674	3.786001	0.519330	0.169423	0.020446	0.169403	8	78	87
272	-0.676138	-0.684579	0.042206	2.807286	0.540680	0.149202	0.019538	0.149212	26	155	182
273	-0.684572	-0.693201	0.043149	3.807282	0.518885	0.166556	0.019890	0.166486	37	177	238
274	-0.755948	-0.764715	0.043835	3.885138	0.517261	0.199888	0.020130	0.199828	37	198	237
275	-0.740631	-0.749355	0.043622	2.906422	0.538438	0.172309	0.020119	0.172206	11	46	59
276	-0.719810	-0.728352	0.042713	1.927707	0.561422	0.167558	0.019554	0.167438	8	53	62
277	-0.719635	-0.728223	0.042937	0.948991	0.586456	0.165774	0.020041	0.165404	7	44	51
278	-0.732236	-0.741064	0.044135	1.944800	0.561004	0.147148	0.020030	0.147076	7	51	59
279	-0.718910	-0.727407	0.042484	2.942681	0.537622	0.159701	0.019264	0.159612	6	42	50
280	-0.688769	-0.697268	0.042492	3.636368	0.522484	0.149845	0.019546	0.149716	6	52	60
281	-0.730518	-0.739246	0.043637	2.657755	0.544097	0.182008	0.020228	0.181649	7	43	51
282	-0.716743	-0.725270	0.042635	3.230161	0.531243	0.158751	0.019507	0.158498	6	51	59
283	-0.715162	-0.723629	0.042337	4.230161	0.510188	0.181439	0.019491	0.181599	6	44	51
284	-0.698061	-0.706842	0.043901	5.230161	0.490737	0.161072	0.020376	0.160760	7	52	59
285	-0.678433	-0.687059	0.043132	6.230161	0.472715	0.191426	0.019739	0.191432	8	120	129
286	-0.718908	-0.727432	0.042622	7.230161	0.455970	0.151358	0.019401	0.151203	15	146	181
287	-0.728801	-0.737370	0.042842	6.251446	0.472346	0.159102	0.019935	0.158995	34	197	233
288	-0.701455	-0.710232	0.043884	5.272735	0.489942	0.148785	0.020096	0.148756	31	122	155
289	-0.745651	-0.754396	0.043723	6.234635	0.472638	0.154781	0.019985	0.154590	8	167	176
290	-0.695734	-0.704612	0.044388	7.234635	0.455898	0.166811	0.020344	0.166530	32	121	154
291	-0.712588	-0.721221	0.043161	6.255920	0.472269	0.165999	0.019551	0.165831	10	126	137
292	-0.755938	-0.764837	0.044498	5.280537	0.489797	0.167640	0.020285	0.167568	34	81	135
293	-0.704750	-0.713774	0.045122	6.266122	0.472092	0.136152	0.020586	0.135939	12	65	78
294	-0.720097	-0.728945	0.044244	5.287407	0.489669	0.162209	0.020544	0.162295	7	51	58
295	-0.752680	-0.761422	0.043709	4.308735	0.508604	0.183572	0.019625	0.183474	7	43	52
296	-0.736027	-0.744575	0.042743	5.308735	0.489272	0.173660	0.019666	0.173513	7	51	59
297	-0.727247	-0.736504	0.046286	4.330019	0.508176	0.179639	0.021121	0.179487	7	42	49
298	-0.747167	-0.756004	0.044184	3.351304	0.528601	0.152105	0.020379	0.152085	6	52	59
299	-0.744660	-0.753754	0.045472	4.301724	0.508745	0.148690	0.020460	0.148325	7	42	51
300	-0.714313	-0.723527	0.046071	3.323008	0.529216	0.169994	0.020697	0.169745	6	51	59
301	-0.748014	-0.757228	0.046069	4.104272	0.512746	0.153929	0.021074	0.153586	6	43	51
302	-0.722216	-0.731009	0.043968	3.397142	0.527608	0.141171	0.020313	0.141247	8	48	57
303	-0.740456	-0.749365	0.044545	4.397142	0.506833	0.158830	0.019841	0.158741	6	44	51
304	-0.706706	-0.715393	0.043437	3.522497	0.524910	0.174542	0.019999	0.174464	6	53	60
305	-0.754386	-0.763530	0.045720	4.522497	0.504344	0.166095	0.020526	0.166015	7	45	54
306	-0.723961	-0.732806	0.044224	5.522496	0.485328	0.148193	0.019800	0.148058	13	50	64
307	-0.721730	-0.730672	0.044707	4.545406	0.503892	0.200099	0.020338	0.200123	8	127	137
308	-0.730713	-0.739795	0.045407	4.316322	0.508451	0.153601	0.020798	0.153431	64	94	182
309	-0.707903	-0.716815	0.044558	4.198155	0.510836	0.150982	0.020484	0.150786	32	171	205
310	-0.727172	-0.736163	0.044952	5.195580	0.491385	0.154189	0.020853	0.154111	29	145	176
311	-0.691424	-0.700594	0.045851	6.192944	0.473362	0.159092	0.020666	0.159044	36	91	128
312	-0.706492	-0.715035	0.042715	5.214228	0.491035	0.163578	0.019687	0.163389	6	163	171
313	-0.719537	-0.728875	0.046686	6.200943	0.473223	0.184704	0.021674	0.184276	9	119	129
314	-0.738344	-0.747308	0.044821	5.222785	0.490875	0.156564	0.020387	0.156635	9	58	69
315	-0.711170	-0.720454	0.046419	4.244069	0.509907	0.153002	0.020808	0.152821	9	174	185
316	-0.749177	-0.758596	0.047097	5.244069	0.490477	0.174991	0.021063	0.174841	33	149	183
317	-0.740836	-0.750344	0.047539	4.278711	0.509208	0.194822	0.021842	0.194539	28	130	159
318	-0.758922	-0.768059	0.045684	3.299996	0.529717	0.161127	0.020852	0.161209	8	43	52
319	-0.723065	-0.732489	0.047122	2.321448	0.551943	0.142001	0.021938	0.142167	6	53	61
320	-0.723782	-0.732847	0.045325	3.318747	0.529308	0.149951	0.020507	0.149891	7	44	52
321	-0.709808	-0.718787	0.044896	4.102038	0.512792	0.196660	0.020295	0.196588	7	56	64
322	-0.713616	-0.722798	0.045911	3.141420	0.533196	0.166582	0.020878	0.166269	7	43	51
323	-0.741670	-0.750676	0.045030	4.141420	0.511988	0.168473	0.020765	0.168211	7	50	58
324	-0.727071	-0.736089	0.045089	5.058319	0.493973	0.149569	0.020897	0.149852	6	42	50
325	-0.711785	-0.720604	0.044093	6.058319	0.475717	0.173639	0.020267	0.173885	6	50	57
326	-0.748566	-0.758137	0.047858	5.079604	0.493570	0.205252	0.021457	0.205151	7	43	50
327	-0.702198	-0.711256	0.045290	4.100888	0.512815	0.168224	0.020369	0.168050	6	51	58
328	-0.776837	-0.786217	0.046899	5.100888	0.493168	0.185200	0.021428	0.185203	7	42	51
329	-0.755196	-0.764805	0.048044	6.098434	0.475013	0.163884	0.022008	0.163676	7	51	58
330	-0.729215	-0.737983	0.043844	5.119718	0.492812	0.147823	0.019525	0.147796	7	42	50
331	-0.718419	-0.727328	0.044546	4.146143	0.511892	0.158899	0.020500	0.158797	6	51	58
332	-0.713863	-0.723080	0.046084	3.167427	0.532623	0.156342	0.020585	0.156257	6	43	51
333	-0.735576	-0.744704	0.045642	2.188712	0.555103	0.162000	0.021087	0.162133	6	52	59
334	-0.721038	-0.730019	0.044907	3.188700	0.532154	0.155991	0.020715	0.155921	10	149	159
335	-0.742830	-0.752488	0.048289	4.188700	0.511027	0.171786	0.021883	0.171803	32	176	210
336	-0.711266	-0.720272	0.045028	3.209985	0.531686	0.157319	0.020482	0.157228	32	144	178
337	-0.735929	-0.745351	0.047113	2.231269	0.554086	0.173601	0.020945	0.173248	34	96	131
338	-0.719684	-0.728886	0.046007	3.231269	0.531219	0.139403	0.020782	0.139245	9	171	182
339	-0.684619	-0.693671	0.045260	4.231269	0.510165	0.161393	0.020307	0.161001	9	46	56
340	-0.695561	-0.705252	0.048455	3.252554	0.530753	0.163555	0.021816	0.163495	7	48	57
341	-0.690985	-0.699793	0.044039	4.252554	0.509735	0.148261	0.019606	0.148144	7	49	57
342	-0.720784	-0.730286	0.047509	3.274384	0.530276	0.159951	0.021536	0.159814	9	136	147
343	-0.718367	-0.727610	0.046212	4.263911	0.509506	0.147543	0.020992	0.147448	11	118	130
344	-0.743169	-0.752296	0.045635	3.286196	0.530018	0.172626	0.020541	0.172490	14	98	133
345	-0.738440	-0.747751	0.046554	4.286196	0.509057	0.139729	0.021172	0.139623	6	44	52
346	-0.720130	-0.729289	0.045793	3.815165	0.518720	0.151980	0.020948	0.151852	7	52	60
347	-0.736429	-0.745731	0.046510	4.815165	0.498626	0.173785	0.020854	0.173816	6	43	51
348	-0.695932	-0.705361	0.047146	3.836450	0.518275	0.159774	0.020918	0.159748	12	45	58
349	-0.687744	-0.696169	0.042125	4.836450	0.498215	0.130245	0.019164	0.130132	7	96	103
350	-0.703488	-0.712654	0.045831	3.857735	0.517831	0.166833	0.021018	0.166867	32	151	184
351	-0.745335	-0.754817	0.047410	4.857727	0.497805	0.157009	0.021744	0.157016	31	119	152
352	-0.711814	-0.720817	0.045011	3.956593	0.515780	0.162938	0.020647	0.162799	29	175	205
353	-0.704209	-0.713190	0.044902	2.977877	0.536833	0.145310	0.020686	0.145261	50	161	213
354	-0.740114	-0.749320	0.046029	2.000248	0.559651	0.186572	0.021026	0.186538	31	127	160
355	-0.726059	-0.735168	0.045546	1.043161	0.583951	0.176547	0.020471	0.176454	32	116	149
356	-0.731259	-0.740974	0.048573	0.064446	0.611083	0.157787	0.022061	0.157691	33	150	185
357	-0.724065	-0.733483	0.047090	0.000000	0.612958	0.173270	0.021227	0.173127	32	143	177
358	-0.741464	-0.750229	0.043822	0.000000	0.612958	0.163668	0.019808	0.163422	34	146	183
359	-0.731787	-0.741087	0.046498	0.000000	0.612958	0.171637	0.021001	0.171564	36	166	203
360	-0.706979	-0.716135	0.045782	1.000000	0.585096	0.157825	0.021189	0.157905	33	120	154
361	-0.730110	-0.739242	0.045660	1.695023	0.567178	0.168834	0.020746	0.168811	34	124	159
362	-0.759782	-0.769507	0.048625	0.716308	0.592740	0.150500	0.021728	0.150439	13	161	195
363	-0.725507	-0.734670	0.045810	1.716307	0.566646	0.149240	0.020293	0.149278	28	117	147
364	-0.734873	-0.744207	0.046668	2.716307	0.542754	0.154369	0.021146	0.154393	12	55	69
365	-0.696791	-0.706031	0.046203	1.737616	0.566115	0.172412	0.020897	0.172476	6	44	50
366	-0.742632	-0.751858	0.046133	0.759062	0.591575	0.202199	0.020687	0.202046	7	51	59
367	-0.715579	-0.724684	0.045525	0.000000	0.612958	0.175566	0.020520	0.175548	6	44	51
368	-0.726777	-0.736079	0.046506	0.000000	0.612958	0.150312	0.020589	0.150248	7	52	59
369	-0.684933	-0.694013	0.045403	0.827047	0.589732	0.148428	0.021186	0.148442	6	44	51
370	-0.711727	-0.720566	0.044195	1.827047	0.563898	0.165592	0.019934	0.165276	7	51	60
371	-0.715571	-0.724619	0.045243	0.848332	0.589158	0.163228	0.020422	0.163183	7	44	52
372	-0.718103	-0.727455	0.046763	1.845979	0.563430	0.171925	0.021508	0.171931	7	52	60
373	-0.727267	-0.736845	0.047890	2.820880	0.540371	0.173598	0.021798	0.173234	7	42	50
374	-0.705149	-0.714464	0.046575	3.820880	0.518600	0.189897	0.020823	0.189746	6	53	60
375	-0.725392	-0.734830	0.047194	2.842171	0.539889	0.167323	0.021035	0.167178	7	42	49
376	-0.715408	-0.724739	0.046651	3.841670	0.518166	0.180153	0.021238	0.180014	6	50	57
377	-0.738733	-0.747896	0.045815	4.841670	0.498115	0.166597	0.021300	0.166296	6	42	49
378	-0.725031	-0.734226	0.045973	3.862955	0.517723	0.177618	0.020813	0.177359	6	53	60
379	-0.744558	-0.754153	0.047976	4.862834	0.497707	0.169792	0.021277	0.169608	7	42	51
380	-0.724564	-0.734252	0.048441	3.884120	0.517282	0.140712	0.021811	0.140599	6	53	60
381	-0.769726	-0.779353	0.048133	2.905404	0.538460	0.163181	0.021755	0.163178	6	43	50
382	-0.689458	-0.698986	0.047643	3.894888	0.517059	0.139465	0.021462	0.139288	6	57	65
383	-0.715936	-0.725305	0.046849	2.916173	0.538218	0.180071	0.021105	0.179932	7	48	55
384	-0.742472	-0.752494	0.050112	2.113054	0.556920	0.179289	0.022575	0.179286	11	44	57
385	-0.740995	-0.750785	0.048955	1.134339	0.581545	0.155898	0.022249	0.155885	6	44	51
386	-0.732980	-0.742861	0.049404	2.134339	0.556407	0.186691	0.022438	0.186665	9	47	57
387	-0.706707	-0.716476	0.048846	3.134339	0.533353	0.187178	0.021994	0.186715	6	44	51
388	-0.732277	-0.742171	0.049467	4.130641	0.512208	0.171940	0.022377	0.171749	8	48	57
389	-0.717277	-0.726770	0.047466	3.151925	0.532964	0.145227	0.021344	0.145151	6	43	50
390	-0.766511	-0.775968	0.047285	2.173245	0.555473	0.165407	0.021525	0.165129	7	51	60
391	-0.694757	-0.704015	0.046291	3.173245	0.532494	0.157069	0.021207	0.157086	6	44	51
392	-0.734081	-0.744152	0.050356	4.165267	0.511503	0.169909	0.022687	0.169829	12	68	82
393	-0.776648	-0.786540	0.049461	3.200843	0.531887	0.178324	0.022374	0.178177	9	117	127
394	-0.758183	-0.767552	0.046844	4.200843	0.510781	0.169661	0.021261	0.169348	35	94	131
395	-0.723955	-0.733142	0.045939	5.200843	0.491286	0.149684	0.020811	0.149689	6	48	56
396	-0.715328	-0.724800	0.047361	4.311233	0.508553	0.165473	0.021697	0.165260	7	45	54
397	-0.737079	-0.746922	0.049212	4.754282	0.499805	0.162282	0.022114	0.162098	8	69	80
398	-0.742721	-0.752553	0.049163	5.627328	0.483417	0.171449	0.021707	0.171555	28	147	176
399	-0.717647	-0.726996	0.046744	4.648612	0.501864	0.160127	0.021014	0.160109	14	141	157
400	-0.719840	-0.729517	0.048386	5.648612	0.483031	0.157483	0.021282	0.157252	41	109	152
401	-0.731735	-0.741845	0.050546	4.669897	0.501448	0.152203	0.022740	0.151948	32	172	206
402	-0.722757	-0.732354	0.047985	3.879715	0.517374	0.140015	0.021518	0.139900	11	168	181
403	-0.728669	-0.738187	0.047588	4.642667	0.501980	0.181876	0.021260	0.181732	39	93	153
404	-0.712816	-0.722706	0.049452	5.642667	0.483139	0.165339	0.022234	0.165100	33	98	131
405	-0.700384	-0.709884	0.047502	6.642667	0.465661	0.156456	0.021437	0.156485	7	43	52
406	-0.712261	-0.721683	0.047109	7.642666	0.449404	0.160466	0.021272	0.160271	11	45	57
407	-0.713138	-0.722951	0.049063	6.670914	0.465186	0.155314	0.022287	0.155484	6	43	51
408	-0.741842	-0.751578	0.048681	7.670914	0.448961	0.163123	0.022154	0.163094	12	44	56
409	-0.740669	-0.750348	0.048392	6.692198	0.464828	0.146322	0.021401	0.146379	6	44	52
410	-0.733454	-0.743319	0.049325	6.180334	0.473582	0.146233	0.022192	0.146228	9	45	55
411	-0.704949	-0.714489	0.047701	5.207250	0.491166	0.219763	0.021351	0.219577	6	43	51
412	-0.718651	-0.728445	0.048971	4.228535	0.510221	0.154701	0.021788	0.154498	7	53	60
413	-0.718921	-0.728568	0.048235	5.228535	0.490768	0.151515	0.021528	0.151583	6	48	56
414	-0.710340	-0.719982	0.048208	4.250157	0.509784	0.175450	0.021742	0.175398	14	118	134
415	-0.743156	-0.752956	0.048998	5.250155	0.490363	0.167349	0.022381	0.167262	6	70	78
416	-0.750071	-0.759883	0.049058	4.271440	0.509354	0.171404	0.022017	0.171431	56	172	230
417	-0.738573	-0.748546	0.049865	3.292724	0.529875	0.151080	0.022517	0.150967	25	142	170
418	-0.770562	-0.780821	0.051292	2.314344	0.552111	0.186670	0.022680	0.186599	32	122	156
419	-0.736073	-0.745739	0.048328	3.314344	0.529404	0.156670	0.021877	0.156631	29	123	154
420	-0.729488	-0.739725	0.051186	4.314344	0.508491	0.168335	0.022892	0.168044	32	123	156
421	-0.732184	-0.741915	0.048653	5.314344	0.489167	0.160509	0.021284	0.160361	31	147	179
422	-0.700892	-0.710709	0.049081	6.314339	0.471259	0.182909	0.022027	0.182978	29	152	186
423	-0.721107	-0.730612	0.047525	7.314339	0.454615	0.146697	0.021266	0.146354	28	143	173
424	-0.769649	-0.779579	0.049648	8.314337	0.439106	0.165266	0.021969	0.164911	33	119	152
425	-0.715499	-0.725174	0.048373	7.335622	0.454273	0.171725	0.021629	0.171742	34	111	146
426	-0.729382	-0.738999	0.048086	8.335622	0.438788	0.172726	0.021606	0.172458	11	116	129
427	-0.730513	-0.740348	0.049176	7.357378	0.453925	0.200580	0.021857	0.200417	30	53	84
428	-0.744709	-0.754780	0.050355	6.378663	0.470151	0.160278	0.022626	0.159959	7	43	51
429	-0.756239	-0.766225	0.049928	5.399947	0.487581	0.142589	0.022262	0.142358	7	51	60
430	-0.713696	-0.723570	0.049367	6.399947	0.469786	0.180400	0.022228	0.179979	7	44	51
431	-0.681487	-0.691413	0.049632	7.399947	0.453244	0.169534	0.022635	0.169224	7	50	59
432	-0.715046	-0.724854	0.049038	6.501126	0.468058	0.164196	0.021769	0.164154	7	49	56
433	-0.705900	-0.715687	0.048933	5.522410	0.485330	0.156507	0.022039	0.156231	13	114	148
434	-0.717434	-0.727241	0.049034	4.543695	0.503925	0.162995	0.021879	0.162790	29	125	155
435	-0.719527	-0.729537	0.050049	5.543695	0.484941	0.154775	0.022408	0.154648	31	114	146
436	-0.729798	-0.739907	0.050547	4.575796	0.503293	0.173215	0.022600	0.172939	29	99	129
437	-0.689679	-0.699870	0.050954	5.575796	0.484355	0.155963	0.023128	0.155995	9	44	53
438	-0.730879	-0.741056	0.050881	6.575796	0.466790	0.169987	0.022523	0.169819	6	45	53
439	-0.722641	-0.732670	0.050142	7.575796	0.450455	0.167782	0.022701	0.167819	8	44	52
440	-0.690100	-0.700121	0.050104	6.609443	0.466221	0.163595	0.022392	0.163176	6	49	56
441	-0.753536	-0.763589	0.050261	7.534539	0.451106	0.191008	0.022241	0.190976	7	43	52
442	-0.746683	-0.756799	0.050580	8.488695	0.436510	0.194047	0.022672	0.193789	7	43	51
443	-0.725612	-0.735289	0.048384	9.488684	0.422193	0.152947	0.021512	0.152960	9	49	59
444	-0.712077	-0.721762	0.048424	8.509968	0.436196	0.144838	0.021504	0.144842	6	47	55
445	-0.724609	-0.734636	0.050138	9.509968	0.421899	0.156615	0.022276	0.156902	7	44	52
446	-0.716802	-0.726446	0.048221	10.509968	0.408509	0.158101	0.021342	0.158007	7	43	50
447	-0.730449	-0.740101	0.048260	9.534668	0.421557	0.177943	0.021501	0.177722	13	42	57
448	-0.714107	-0.723801	0.048470	10.534668	0.408189	0.159645	0.021431	0.159479	7	43	51
449	-0.743150	-0.753407	0.051286	11.534668	0.395643	0.149176	0.022800	0.148989	10	50	61
450	-0.736099	-0.746239	0.050701	12.534564	0.383846	0.165717	0.022549	0.165648	7	159	167
451	-0.706103	-0.715994	0.049454	13.534564	0.372731	0.158028	0.021640	0.157903	38	117	158
452	-0.733318	-0.743604	0.051433	12.555855	0.383603	0.168576	0.022727	0.168622	7	49	57
453	-0.710629	-0.720839	0.051049	11.577140	0.395127	0.170955	0.022306	0.170619	15	107	141
454	-0.731469	-0.741686	0.051086	12.577140	0.383360	0.192217	0.022743	0.192143	10	96	107
455	-0.715390	-0.725481	0.050456	11.598424	0.394869	0.169886	0.022055	0.169896	10	44	56
456	-0.724419	-0.734406	0.049934	10.619709	0.407092	0.182887	0.022067	0.182908	7	48	55
457	-0.714709	-0.725147	0.052190	9.640993	0.420095	0.151195	0.023591	0.150955	7	43	52
458	-0.730608	-0.740549	0.049705	8.670716	0.433832	0.158298	0.021934	0.158325	7	50	58
459	-0.756173	-0.766313	0.050701	9.670716	0.419687	0.176135	0.022841	0.175963	6	44	51
460	-0.739803	-0.750131	0.051642	8.692001	0.433521	0.183531	0.022910	0.183248	6	48	55
461	-0.753004	-0.763232	0.051140	9.692001	0.419396	0.143526	0.022696	0.143372	8	43	51
462	-0.728340	-0.738826	0.052430	10.692001	0.406163	0.149902	0.023454	0.149509	6	49	57
463	-0.756585	-0.766754	0.050846	9.713286	0.419106	0.170687	0.022908	0.170717	6	43	50
464	-0.740270	-0.750550	0.051401	10.713286	0.405890	0.155277	0.022706	0.155331	7	51	59
465	-0.726453	-0.736222	0.048844	10.066274	0.414344	0.174591	0.021537	0.174402	7	43	51
466	-0.751067	-0.761564	0.052489	9.087558	0.427822	0.172666	0.023185	0.172770	6	51	58
467	-0.740307	-0.751007	0.053503	8.108843	0.442206	0.158901	0.023742	0.159025	6	43	51
468	-0.726163	-0.736101	0.049692	9.039711	0.428503	0.159630	0.022199	0.159504	7	48	56
469	-0.738059	-0.748049	0.049950	8.060995	0.442934	0.180063	0.022464	0.180037	6	43	50
470	-0.744389	-0.755083	0.053468	9.060995	0.428200	0.150585	0.023914	0.150396	6	45	53
471	-0.708842	-0.718783	0.049705	8.082280	0.442610	0.146301	0.021975	0.146058	9	44	53
472	-0.709936	-0.720471	0.052675	8.424009	0.437470	0.154773	0.022995	0.154830	6	47	54
473	-0.715198	-0.725177	0.049892	8.850029	0.431226	0.161720	0.022218	0.161644	7	43	51
474	-0.711698	-0.721579	0.049408	9.849975	0.417249	0.149476	0.022262	0.149306	6	44	51
475	-0.750256	-0.760493	0.051181	10.849975	0.404148	0.161814	0.022672	0.161797	11	46	58
476	-0.707329	-0.717654	0.051625	11.849975	0.391846	0.166495	0.022830	0.166297	6	43	50
477	-0.721119	-0.731177	0.050287	11.928918	0.390906	0.150470	0.022601	0.150165	11	43	56
478	-0.747201	-0.757487	0.051428	10.950212	0.402880	0.169706	0.022828	0.169850	6	43	51
479	-0.722585	-0.732983	0.051993	10.435865	0.409472	0.153570	0.023078	0.153212	6	51	58
480	-0.746023	-0.756521	0.052487	10.441516	0.409399	0.176256	0.023569	0.176035	7	42	49
481	-0.704612	-0.714617	0.050025	9.462800	0.422552	0.154141	0.022128	0.154099	12	44	57
482	-0.721912	-0.732263	0.051754	9.794696	0.417998	0.156821	0.022934	0.156663	7	43	52
483	-0.733320	-0.743713	0.051966	8.838533	0.431392	0.152960	0.023131	0.152756	8	51	60
484	-0.748122	-0.758396	0.051367	7.859818	0.446022	0.168501	0.023070	0.168261	7	44	51
485	-0.721259	-0.731531	0.051360	6.881102	0.461679	0.161432	0.022718	0.161248	11	44	55
486	-0.730483	-0.740726	0.051217	7.880358	0.445705	0.170340	0.022523	0.170350	6	43	50
487	-0.695069	-0.705437	0.051840	6.901673	0.461338	0.155348	0.022619	0.155415	8	45	55
488	-0.717136	-0.727851	0.053576	7.724073	0.448130	0.168820	0.023285	0.169000	6	43	49
489	-0.721692	-0.731938	0.051229	6.747494	0.463902	0.159864	0.022519	0.159522	6	51	58
490	-0.724210	-0.734507	0.051486	5.768778	0.480863	0.164737	0.022890	0.164849	6	43	50
491	-0.709921	-0.719940	0.050096	6.768680	0.463548	0.153702	0.022040	0.153658	6	53	60
492	-0.756528	-0.766956	0.052139	5.917392	0.478208	0.157527	0.023021	0.157508	6	45	53
493	-0.708535	-0.718764	0.051143	6.914821	0.461121	0.167640	0.022397	0.167542	7	50	57
494	-0.727928	-0.738129	0.051004	7.914821	0.445174	0.160964	0.022377	0.160909	6	43	50
495	-0.731416	-0.741693	0.051382	8.914796	0.430293	0.156268	0.022748	0.156179	6	52	60
496	-0.725625	-0.735916	0.051454	8.296724	0.439370	0.143825	0.022587	0.143507	7	45	53
497	-0.729341	-0.739186	0.049225	9.296722	0.424868	0.149526	0.021868	0.149293	7	49	57
498	-0.695586	-0.705667	0.050404	8.318212	0.439048	0.170801	0.022531	0.170693	6	42	50
499	-0.723354	-0.733699	0.051728	7.339496	0.454211	0.169795	0.022955	0.169540	7	52	59
500	-0.735190	-0.745626	0.052179	6.360781	0.470459	0.174605	0.022841	0.174586	7	41	50
501	-0.694108	-0.704310	0.051007	5.382065	0.487912	0.141073	0.022518	0.140800	6	50	57
502	-0.748084	-0.758396	0.051560	6.381097	0.470110	0.163669	0.022323	0.163767	7	42	50
503	-0.737980	-0.748582	0.053013	5.402382	0.487536	0.140937	0.023467	0.140213	6	49	56
504	-0.754697	-0.764813	0.050580	4.423667	0.506304	0.161488	0.022549	0.161479	6	43	49
505	-0.716871	-0.726789	0.049589	3.444964	0.526575	0.185270	0.021947	0.185246	6	50	58
506	-0.678650	-0.688968	0.051592	4.444963	0.505881	0.156976	0.022799	0.156633	7	42	49
507	-0.718284	-0.728883	0.052996	3.466247	0.526117	0.151810	0.023057	0.151551	7	52	61
508	-0.725781	-0.735903	0.050609	4.466247	0.505458	0.151375	0.022771	0.151052	7	43	51
509	-0.710283	-0.720959	0.053382	5.466247	0.486360	0.180438	0.023328	0.180324	7	51	58
510	-0.727078	-0.737600	0.052611	6.466247	0.468652	0.195707	0.023339	0.195277	6	45	52
511	-0.726432	-0.737015	0.052915	7.466247	0.452189	0.146034	0.023301	0.145838	6	51	58
512	-0.723011	-0.733391	0.051897	6.505479	0.467984	0.192984	0.022624	0.192981	6	43	51
513	-0.735579	-0.746418	0.054195	5.527205	0.485242	0.177092	0.023679	0.177193	6	52	59
514	-0.734003	-0.744557	0.052767	4.575324	0.503302	0.137504	0.023389	0.137215	6	43	50
515	-0.717728	-0.728024	0.051482	5.574827	0.484373	0.160049	0.022822	0.160089	6	51	58
516	-0.754615	-0.765428	0.054065	6.572876	0.466840	0.184720	0.023815	0.184497	6	43	50
517	-0.733551	-0.743460	0.049542	7.572875	0.450501	0.146102	0.021765	0.145938	6	53	61
518	-0.730653	-0.741344	0.053458	6.594159	0.466480	0.173080	0.023318	0.172899	6	42	50
519	-0.765281	-0.776242	0.054808	5.647502	0.483051	0.167003	0.023899	0.166324	7	51	59
520	-0.734685	-0.745601	0.054576	4.668786	0.501470	0.181101	0.023405	0.181299	6	42	49
521	-0.753674	-0.764324	0.053253	5.668786	0.482666	0.153237	0.023642	0.153217	7	51	59
522	-0.727890	-0.738657	0.053837	4.690072	0.501054	0.168421	0.023715	0.167964	7	42	50
523	-0.718664	-0.728894	0.051151	3.711356	0.520899	0.154491	0.022464	0.154500	7	51	60
524	-0.729610	-0.739821	0.051056	2.732641	0.542380	0.144307	0.022821	0.144348	6	43	50
525	-0.736813	-0.747431	0.053089	3.732291	0.520458	0.167486	0.023247	0.167481	6	50	57
526	-0.708684	-0.718943	0.051292	4.637279	0.502086	0.146793	0.022551	0.146573	6	42	50
527	-0.693514	-0.703834	0.051599	3.658564	0.522014	0.150785	0.022808	0.150760	6	53	60
528	-0.726855	-0.737613	0.053791	4.658564	0.501669	0.169542	0.023384	0.169579	12	42	55
529	-0.719811	-0.730916	0.055525	3.679848	0.521564	0.161628	0.024392	0.161620	6	50	58
530	-0.689614	-0.699758	0.050721	2.703781	0.543041	0.180013	0.021693	0.179876	12	68	82
531	-0.690951	-0.701497	0.052727	1.725065	0.566428	0.153573	0.023460	0.153344	8	43	52
532	-0.707096	-0.718109	0.055064	2.725065	0.542553	0.186739	0.024481	0.186655	6	74	82
533	-0.760033	-0.770667	0.053172	3.725065	0.520610	0.164618	0.023355	0.164653	6	43	50
534	-0.720069	-0.730881	0.054056	2.746350	0.542067	0.154298	0.023396	0.154092	6	62	69
535	-0.718492	-0.729266	0.053869	3.746350	0.520162	0.146771	0.023409	0.146530	6	42	50
536	-0.764564	-0.774867	0.051516	2.767635	0.541582	0.166259	0.022414	0.166279	7	78	87
537	-0.709554	-0.719911	0.051785	3.767635	0.519715	0.209760	0.022445	0.209697	14	51	67
538	-0.725492	-0.736358	0.054331	2.788919	0.541097	0.161037	0.023871	0.161033	6	43	50
539	-0.694608	-0.704989	0.051909	3.788919	0.519269	0.166314	0.022539	0.166354	6	56	63
540	-0.708616	-0.719483	0.054338	4.788919	0.499134	0.173253	0.023567	0.173030	7	42	51
541	-0.674641	-0.685218	0.052888	3.810204	0.518823	0.148442	0.023079	0.148137	6	50	57
542	-0.751796	-0.762739	0.054712	4.810204	0.498722	0.151908	0.023809	0.151708	6	42	49
543	-0.736240	-0.747076	0.054178	5.810204	0.480120	0.174960	0.023994	0.174793	7	51	60
544	-0.704809	-0.715407	0.052993	6.810204	0.462856	0.139591	0.022987	0.139423	6	44	50
545	-0.694802	-0.706131	0.056644	5.837285	0.479636	0.166807	0.024511	0.166701	6	53	60
546	-0.694679	-0.704949	0.051353	5.124364	0.492725	0.147751	0.022409	0.147586	7	42	49
547	-0.718351	-0.728831	0.052403	6.124364	0.474559	0.140758	0.023091	0.140401	8	52	61
548	-0.755428	-0.766826	0.056991	5.146015	0.492317	0.174634	0.024326	0.174571	7	43	51
549	-0.732606	-0.742909	0.051514	6.136964	0.474339	0.173783	0.022716	0.173698	6	53	61
550	-0.713558	-0.724451	0.054462	7.136931	0.457481	0.158128	0.023674	0.158152	14	44	60
551	-0.712750	-0.723233	0.052416	8.135774	0.441798	0.183928	0.023051	0.183724	12	42	54
552	-0.712737	-0.723367	0.053149	9.131431	0.427199	0.181719	0.023062	0.181600	7	43	51
553	-0.696871	-0.706930	0.050293	8.152715	0.441541	0.180164	0.021960	0.179776	13	45	60
554	-0.749426	-0.760872	0.057228	7.174215	0.456876	0.167476	0.024973	0.167295	9	49	59
555	-0.718073	-0.729191	0.055588	8.128414	0.441909	0.158668	0.024400	0.158869	10	45	57
556	-0.735709	-0.747057	0.056740	9.128414	0.427242	0.161245	0.024953	0.161265	7	44	52
557	-0.729411	-0.740167	0.053778	10.128090	0.413521	0.154325	0.023532	0.154355	10	46	57
558	-0.727836	-0.738793	0.054786	9.155603	0.426857	0.170681	0.024007	0.170560	7	44	52
559	-0.696129	-0.706827	0.053491	10.155602	0.413156	0.140975	0.023430	0.141085	9	43	53
560	-0.723929	-0.734208	0.051397	9.176887	0.426555	0.167520	0.022599	0.167486	6	42	49
561	-0.725889	-0.736562	0.053367	10.155323	0.413159	0.155082	0.023178	0.155176	6	53	61
562	-0.685928	-0.696210	0.051406	9.176608	0.426559	0.164324	0.022875	0.164392	6	42	49
563	-0.742977	-0.753852	0.054372	10.168332	0.412987	0.183903	0.023760	0.183990	9	50	60
564	-0.712436	-0.723345	0.054545	9.189617	0.426376	0.165713	0.023780	0.165787	7	42	49
565	-0.711901	-0.722865	0.054819	10.077065	0.414200	0.179739	0.023675	0.179623	12	42	56
566	-0.710670	-0.721979	0.056546	11.075789	0.401303	0.149890	0.024931	0.149990	6	46	53
567	-0.733475	-0.744232	0.053784	12.075477	0.389174	0.158625	0.023675	0.158449	15	45	60
568	-0.720282	-0.730942	0.053302	12.824624	0.380555	0.174176	0.023345	0.174026	7	43	50
569	-0.725827	-0.736238	0.052059	13.559174	0.372466	0.190423	0.022360	0.190120	7	49	57
570	-0.728105	-0.739244	0.055693	12.580459	0.383322	0.166791	0.024326	0.166268	6	43	50
571	-0.705915	-0.716716	0.054004	13.580459	0.372237	0.176989	0.023848	0.176541	10	45	57
572	-0.702998	-0.713290	0.051464	14.580459	0.361775	0.146062	0.022532	0.145818	6	42	50
573	-0.758970	-0.770366	0.056980	13.601743	0.372008	0.166137	0.025247	0.165803	7	50	59
574	-0.681816	-0.692094	0.051388	14.591152	0.361666	0.171879	0.022627	0.171904	6	42	50
575	-0.732503	-0.743879	0.056882	13.613008	0.371887	0.144895	0.024678	0.144806	6	47	55
576	-0.748791	-0.760073	0.056413	14.613006	0.361444	0.163478	0.024477	0.163486	6	44	52
577	-0.766701	-0.777829	0.055640	15.613006	0.351572	0.144410	0.024083	0.144532	6	49	57
578	-0.721511	-0.732277	0.053830	16.613006	0.342225	0.204776	0.023480	0.204610	6	49	56
579	-0.740279	-0.750863	0.052918	17.613006	0.333362	0.154444	0.022965	0.154410	10	139	151
580	-0.740887	-0.751852	0.054826	18.613006	0.324947	0.131085	0.023891	0.130752	55	178	254
581	-0.701580	-0.712202	0.053112	17.634291	0.333179	0.189088	0.023104	0.188801	35	183	237
582	-0.765720	-0.776706	0.054932	16.744377	0.341034	0.181886	0.023572	0.181568	14	145	159
583	-0.743671	-0.754859	0.055938	15.765661	0.350112	0.168815	0.024179	0.168726	7	71	80
584	-0.734838	-0.746331	0.057466	16.754785	0.340940	0.163017	0.025459	0.162501	6	54	61
585	-0.720853	-0.731936	0.055419	15.776073	0.350013	0.146965	0.024261	0.146952	7	44	52
586	-0.730932	-0.742163	0.056155	16.776073	0.340748	0.144875	0.024659	0.144617	7	52	60
587	-0.709173	-0.719933	0.053803	17.776073	0.331960	0.182273	0.023257	0.181960	7	45	52
588	-0.736106	-0.747506	0.056998	18.776073	0.323615	0.170299	0.024920	0.169908	7	71	79
589	-0.720768	-0.731561	0.053967	19.776073	0.315678	0.167523	0.023762	0.167306	7	71	80
590	-0.739584	-0.750991	0.057035	18.797357	0.323441	0.168828	0.025011	0.168788	10	68	79
591	-0.758371	-0.769722	0.056753	17.818642	0.331596	0.187403	0.024428	0.187263	9	44	54
592	-0.756907	-0.767357	0.052249	16.839928	0.340173	0.180892	0.022889	0.180621	6	51	58
593	-0.712076	-0.722999	0.054614	15.861213	0.349205	0.174678	0.023923	0.174485	6	45	52
594	-0.754013	-0.765225	0.056063	14.882498	0.358730	0.160936	0.024528	0.160721	7	45	54
595	-0.732205	-0.742719	0.052574	13.903782	0.368789	0.166421	0.022640	0.166058	8	45	55
596	-0.709781	-0.720518	0.053681	12.928442	0.379390	0.148641	0.023212	0.148611	23	72	97
597	-0.707007	-0.717718	0.053554	13.064531	0.377874	0.151707	0.023112	0.151571	7	93	101
598	-0.714817	-0.725809	0.054959	12.085816	0.389052	0.156437	0.024069	0.156273	8	46	54
599	-0.717340	-0.728057	0.053585	13.085816	0.377638	0.150271	0.023344	0.150048	6	52	59
600	-0.750636	-0.762001	0.056828	14.085813	0.366875	0.188542	0.024849	0.188380	6	44	51
601	-0.734620	-0.745380	0.053803	13.107129	0.377402	0.171889	0.023778	0.171707	6	53	60
602	-0.743924	-0.755027	0.055517	12.166992	0.388100	0.172084	0.023880	0.171760	7	44	52
603	-0.719745	-0.731393	0.058242	13.166992	0.376741	0.171719	0.025232	0.171484	12	92	105
604	-0.728071	-0.739176	0.055523	14.166992	0.366028	0.150259	0.024037	0.150221	64	94	159
605	-0.730550	-0.742101	0.057752	15.166992	0.355908	0.206877	0.025290	0.206440	12	148	161
606	-0.726486	-0.737653	0.055836	14.188276	0.365807	0.168440	0.023994	0.168165	29	166	196
607	-0.727173	-0.737770	0.052986	13.209561	0.376272	0.167070	0.023205	0.167092	10	142	154
608	-0.734292	-0.745455	0.055814	14.209561	0.365586	0.170911	0.024473	0.170628	34	140	175
609	-0.705447	-0.716425	0.054889	13.230845	0.376038	0.155048	0.023915	0.155082	33	116	150
610	-0.736634	-0.747621	0.054935	12.252130	0.387106	0.164902	0.023657	0.165146	33	116	151
611	-0.702540	-0.713353	0.054065	12.792574	0.380916	0.154378	0.023529	0.154255	7	50	60
612	-0.745845	-0.757441	0.057979	13.792574	0.369967	0.167687	0.025588	0.167684	32	119	152
613	-0.734077	-0.745134	0.055287	12.813859	0.380676	0.146847	0.024067	0.146634	33	144	178
614	-0.697685	-0.708829	0.055721	13.813859	0.369741	0.169634	0.023853	0.169462	10	134	145
615	-0.703323	-0.714444	0.055607	12.835277	0.380435	0.148476	0.023979	0.148347	17	96	114
616	-0.716688	-0.728089	0.057005	11.856597	0.391767	0.152700	0.024421	0.152567	7	43	51
617	-0.727532	-0.738679	0.055739	12.856597	0.380195	0.144586	0.023908	0.144135	8	46	54
618	-0.714313	-0.725036	0.053612	13.807534	0.369808	0.141874	0.023382	0.141786	13	71	86
619	-0.718697	-0.730082	0.056921	12.828819	0.380507	0.163453	0.024098	0.163205	7	54	62
620	-0.755634	-0.767255	0.058100	11.850103	0.391844	0.126149	0.024991	0.125909	7	68	76
621	-0.704910	-0.715612	0.053512	12.849870	0.380271	0.160309	0.023349	0.160404	7	43	52
622	-0.727499	-0.739140	0.058204	11.871167	0.391593	0.161685	0.024862	0.161772	7	46	53
623	-0.708820	-0.719320	0.052502	10.908684	0.403405	0.134627	0.022894	0.134870	7	44	52
624	-0.731069	-0.742480	0.057057	11.908683	0.391146	0.170757	0.025128	0.170313	6	44	51
625	-0.731876	-0.743066	0.055952	12.897526	0.379736	0.158554	0.024373	0.158649	10	44	55
626	-0.735518	-0.746988	0.057352	11.918810	0.391026	0.213659	0.024649	0.213876	6	43	51
627	-0.779151	-0.790444	0.056466	10.940095	0.403008	0.175312	0.024278	0.175077	8	48	57
628	-0.751888	-0.763000	0.055560	11.938565	0.390792	0.149798	0.023612	0.149713	7	43	50
629	-0.695185	-0.705935	0.053751	12.938565	0.379277	0.153615	0.023119	0.153762	8	45	54
630	-0.713368	-0.724342	0.054872	13.899495	0.368834	0.174708	0.023789	0.174664	6	43	50
631	-0.710684	-0.721606	0.054611	14.899495	0.358560	0.143926	0.023296	0.144054	6	52	59
632	-0.731898	-0.742802	0.054519	15.897976	0.348857	0.158273	0.023522	0.158005	7	43	50
633	-0.682602	-0.693533	0.054658	14.919261	0.358362	0.176577	0.023582	0.176392	6	52	59
634	-0.733240	-0.743782	0.052710	15.919261	0.348656	0.154224	0.023095	0.154079	6	43	50
635	-0.742381	-0.753496	0.055573	16.919261	0.339461	0.159314	0.023938	0.159159	6	50	57
636	-0.706549	-0.717626	0.055382	17.919261	0.330739	0.155377	0.023831	0.155281	6	43	50
637	-0.722307	-0.733439	0.055661	17.901586	0.330889	0.161132	0.023927	0.161024	6	50	58
638	-0.734210	-0.745327	0.055587	16.922870	0.339429	0.153436	0.024089	0.153371	7	42	50
639	-0.743967	-0.755244	0.056387	15.944155	0.348421	0.189053	0.024181	0.189100	7	50	57
640	-0.709349	-0.720681	0.056662	14.965579	0.357901	0.142880	0.024272	0.142968	7	42	51
641	-0.742454	-0.753427	0.054865	15.799594	0.349790	0.188193	0.023923	0.187998	6	52	59
642	-0.743133	-0.754857	0.058620	16.799594	0.340536	0.168845	0.025501	0.168727	6	43	51
643	-0.750703	-0.761491	0.053944	17.799594	0.331759	0.159988	0.023305	0.159658	7	53	62
644	-0.710996	-0.722286	0.056449	18.799594	0.323423	0.149830	0.024840	0.150129	6	44	51
645	-0.726342	-0.736875	0.052666	19.799594	0.315496	0.145472	0.022379	0.145322	6	52	59
646	-0.744394	-0.755630	0.056180	20.799594	0.307948	0.162737	0.023993	0.162380	6	45	52
647	-0.736287	-0.747877	0.057949	19.820879	0.315332	0.139985	0.025008	0.139849	6	53	60
648	-0.746987	-0.758533	0.057730	18.923204	0.322422	0.195012	0.025310	0.195014	6	43	51
649	-0.730320	-0.741650	0.056649	17.944489	0.330525	0.151148	0.024320	0.151111	8	52	61
650	-0.710345	-0.720935	0.052947	18.914919	0.322489	0.170210	0.023163	0.170157	28	74	103
651	-0.748319	-0.759127	0.054037	19.581851	0.317189	0.178036	0.023321	0.177737	9	128	138
652	-0.707518	-0.718358	0.054203	18.603136	0.325028	0.185587	0.023595	0.185566	31	97	131
653	-0.731703	-0.743330	0.058133	19.356004	0.318964	0.155068	0.025597	0.155105	7	73	81
654	-0.758407	-0.770433	0.060128	20.356004	0.311251	0.168306	0.025867	0.167854	7	45	52
655	-0.708591	-0.719351	0.053797	21.356004	0.303903	0.139986	0.023279	0.139839	12	47	76
656	-0.717331	-0.728341	0.055049	22.355924	0.296894	0.156117	0.024012	0.156028	9	54	64
657	-0.720308	-0.731084	0.053882	23.355826	0.290201	0.158889	0.023785	0.158553	8	47	56
658	-0.723551	-0.734903	0.056761	23.093106	0.291930	0.156644	0.024326	0.156603	8	133	141
659	-0.716295	-0.727651	0.056780	24.093106	0.285456	0.161474	0.024697	0.161244	10	110	121
660	-0.760632	-0.772520	0.059439	25.073969	0.279379	0.166593	0.025421	0.166419	11	44	58
661	-0.739389	-0.750749	0.056799	24.096583	0.285434	0.148121	0.025001	0.147989	7	51	58
662	-0.730471	-0.742088	0.058087	25.096581	0.279242	0.178811	0.025069	0.178733	8	49	57
663	-0.732713	-0.744479	0.058831	24.173946	0.284946	0.174122	0.025525	0.173967	36	95	132
664	-0.730544	-0.741841	0.056489	23.195382	0.291255	0.162363	0.024074	0.162036	10	155	166
665	-0.750842	-0.762568	0.058629	22.216667	0.297851	0.162899	0.024768	0.162641	12	93	106
666	-0.697586	-0.708824	0.056190	21.237951	0.304752	0.176234	0.023984	0.175779	29	120	150
667	-0.729272	-0.740088	0.054080	20.259236	0.311981	0.157522	0.023574	0.157478	9	155	167
668	-0.729195	-0.741050	0.059274	21.258868	0.304602	0.155130	0.025719	0.154975	9	47	58
669	-0.703753	-0.714775	0.055110	22.258867	0.297560	0.148972	0.024170	0.148681	6	52	60
670	-0.733635	-0.745484	0.059246	21.280152	0.304448	0.178904	0.025436	0.179057	6	42	50
671	-0.732221	-0.744135	0.059574	22.280152	0.297414	0.157255	0.025596	0.156931	7	50	57
672	-0.742933	-0.754814	0.059409	23.280148	0.290697	0.182761	0.025712	0.182730	6	43	51
673	-0.720925	-0.732458	0.057667	22.301432	0.297268	0.162093	0.024848	0.162064	7	51	58
674	-0.723704	-0.735153	0.057246	23.301432	0.290558	0.149021	0.024691	0.149012	7	47	56
675	-0.761475	-0.772488	0.055064	22.322718	0.297122	0.164567	0.023456	0.164542	8	169	178
676	-0.732284	-0.743383	0.055495	21.368872	0.303811	0.169345	0.023653	0.169418	38	101	140
677	-0.740703	-0.752117	0.057068	22.367707	0.296813	0.167656	0.024756	0.167770	35	136	171
678	-0.746083	-0.757388	0.056526	23.367707	0.290124	0.164807	0.024158	0.164794	15	113	146
679	-0.702065	-0.713242	0.055884	22.388991	0.296668	0.160688	0.023834	0.160365	7	55	63
680	-0.713944	-0.725475	0.057652	23.388991	0.289984	0.167209	0.025194	0.167027	7	52	60
681	-0.733631	-0.745498	0.059331	22.410276	0.296522	0.145550	0.025278	0.145667	32	108	141
682	-0.697781	-0.708578	0.053984	23.410276	0.289845	0.172337	0.023167	0.172000	14	161	176
683	-0.737883	-0.749570	0.058435	24.346945	0.283858	0.160871	0.025008	0.160573	8	50	60
684	-0.711334	-0.722739	0.057028	23.368229	0.290120	0.149876	0.024427	0.149713	6	46	53
685	-0.709740	-0.720958	0.056087	22.389514	0.296664	0.167621	0.024017	0.167427	7	49	57
686	-0.726391	-0.737913	0.057612	21.410799	0.303510	0.182003	0.024316	0.181531	6	42	49
687	-0.713436	-0.724238	0.054011	22.410799	0.296519	0.159102	0.022996	0.158763	7	47	55
688	-0.732403	-0.743927	0.057620	21.432083	0.303358	0.165547	0.024537	0.165343	8	42	52
689	-0.702727	-0.713737	0.055047	22.432083	0.296373	0.159988	0.023535	0.159764	6	49	56
690	-0.746384	-0.757655	0.056355	21.453368	0.303206	0.152765	0.024196	0.152490	6	43	50
691	-0.721763	-0.733107	0.056718	22.278432	0.297426	0.168059	0.024691	0.168004	7	51	60
692	-0.756462	-0.768194	0.058660	21.299716	0.304307	0.158853	0.024913	0.158742	6	43	51
693	-0.725519	-0.736707	0.055943	22.299714	0.297279	0.175151	0.023946	0.175014	7	51	60
694	-0.758298	-0.769825	0.057638	21.320999	0.304154	0.156323	0.025207	0.156313	6	44	52
695	-0.733543	-0.745090	0.057738	22.320999	0.297133	0.177073	0.025209	0.176641	7	93	102
696	-0.703833	-0.715450	0.058087	21.342283	0.304001	0.159813	0.024950	0.159765	33	164	198
697	-0.737046	-0.748907	0.059306	20.365379	0.311181	0.168020	0.025005	0.167839	30	122	154
698	-0.699754	-0.711361	0.058036	19.386669	0.318722	0.169890	0.025007	0.169380	55	90	147
699	-0.731238	-0.742682	0.057223	20.386669	0.311021	0.147409	0.024132	0.147131	30	122	154
700	-0.730959	-0.742466	0.057535	19.473630	0.318037	0.170712	0.024383	0.170613	28	120	150
701	-0.733185	-0.744813	0.058142	18.494915	0.325918	0.158039	0.025185	0.157903	30	142	174
702	-0.701878	-0.713154	0.056380	19.494915	0.317870	0.168708	0.024532	0.168620	26	54	82
703	-0.740349	-0.751860	0.057551	20.494271	0.310214	0.158009	0.024145	0.158022	7	44	51
704	-0.743815	-0.755420	0.058025	19.538121	0.317531	0.152644	0.024963	0.152580	7	54	61
705	-0.703557	-0.715106	0.057741	20.538121	0.309887	0.140777	0.024638	0.140752	7	45	53
706	-0.689677	-0.701255	0.057890	19.559406	0.317365	0.166174	0.024937	0.166058	6	52	59
707	-0.736323	-0.747975	0.058264	18.948144	0.322221	0.154927	0.025042	0.154801	7	42	50
708	-0.723002	-0.734409	0.057038	19.948144	0.314352	0.152966	0.024140	0.152753	6	51	59
709	-0.720691	-0.732322	0.058156	18.969429	0.322049	0.157205	0.024783	0.157174	6	43	50
710	-0.724132	-0.735500	0.056840	19.969429	0.314188	0.167050	0.024451	0.166773	7	49	58
711	-0.710903	-0.723105	0.061011	20.969429	0.306702	0.162563	0.025709	0.162579	6	43	50
712	-0.722749	-0.734514	0.058824	21.969429	0.299565	0.161519	0.025214	0.161469	7	51	59
713	-0.718443	-0.729811	0.056840	22.969428	0.292751	0.162814	0.024312	0.162800	7	43	51
714	-0.702820	-0.713866	0.055226	23.969382	0.286242	0.166466	0.023788	0.166228	7	57	65
715	-0.767928	-0.779413	0.057426	24.969307	0.280015	0.175033	0.024636	0.174723	27	94	122
716	-0.713982	-0.725243	0.056307	23.990592	0.286107	0.163201	0.023828	0.163272	35	192	228
717	-0.738305	-0.749831	0.057629	23.014088	0.292454	0.201674	0.025038	0.201474	9	150	160
718	-0.734570	-0.746357	0.058934	22.035372	0.299105	0.171034	0.025093	0.171260	31	125	176
719	-0.730257	-0.741588	0.056657	23.035372	0.292313	0.170580	0.023988	0.170574	34	171	208
720	-0.727053	-0.738435	0.056912	24.035369	0.285822	0.165881	0.024643	0.165853	28	123	154
721	-0.737146	-0.748895	0.058745	24.978170	0.279961	0.174036	0.024987	0.173714	36	74	133
722	-0.725252	-0.737355	0.060516	23.999455	0.286050	0.179001	0.025515	0.178941	11	145	157
723	-0.731517	-0.743066	0.057748	24.999455	0.279832	0.168538	0.024733	0.168363	32	141	175
724	-0.707129	-0.718643	0.057567	25.848864	0.274758	0.183572	0.024906	0.183470	10	165	177
725	-0.722680	-0.734816	0.060682	26.848864	0.269016	0.153728	0.026122	0.153192	38	123	162
726	-0.730690	-0.742375	0.058424	27.848864	0.263509	0.161344	0.024967	0.161002	31	114	147
727	-0.707487	-0.719273	0.058929	26.870160	0.268896	0.147154	0.024958	0.146982	30	75	105
728	-0.703510	-0.714945	0.057172	25.891445	0.274509	0.162746	0.024357	0.162699	8	48	58
729	-0.728272	-0.740720	0.062243	26.891440	0.268777	0.169405	0.026040	0.169382	7	43	51
730	-0.729374	-0.740953	0.057892	27.891440	0.263280	0.175770	0.024946	0.175384	6	51	59
731	-0.765128	-0.777192	0.060316	28.891440	0.258002	0.158237	0.025559	0.158536	6	43	51
732	-0.713196	-0.724740	0.057720	29.858069	0.253099	0.161217	0.024801	0.161155	6	49	55
733	-0.717999	-0.729199	0.056000	30.853211	0.248241	0.196531	0.023759	0.196349	8	42	52
734	-0.732213	-0.744100	0.059435	29.874495	0.253017	0.163838	0.025764	0.163610	6	50	58
735	-0.728161	-0.739956	0.058973	30.535261	0.249773	0.154668	0.025035	0.154960	8	44	53
736	-0.678430	-0.689565	0.055674	29.556546	0.254608	0.158848	0.024147	0.158880	7	98	108
737	-0.757749	-0.769606	0.059284	30.556546	0.249670	0.138582	0.025220	0.138226	29	117	147
738	-0.724501	-0.736018	0.057585	30.025177	0.252270	0.145488	0.024355	0.145287	12	135	166
739	-0.735326	-0.747380	0.060267	29.046461	0.257203	0.149841	0.026047	0.149632	9	49	60
740	-0.716809	-0.728348	0.057698	30.046445	0.252165	0.158963	0.024128	0.158864	10	45	57
741	-0.712049	-0.723745	0.058479	29.067831	0.257094	0.166263	0.024459	0.165963	6	43	51
742	-0.701123	-0.712276	0.055766	29.976644	0.252510	0.141850	0.024422	0.141505	9	44	55
743	-0.730474	-0.742805	0.061654	28.997932	0.257453	0.150958	0.026535	0.151110	7	44	51
744	-0.735497	-0.747108	0.058054	29.993191	0.252428	0.183606	0.024637	0.183547	11	50	63
745	-0.735891	-0.747607	0.058581	29.014476	0.257368	0.158992	0.024656	0.158863	29	116	146
746	-0.726049	-0.738115	0.060330	28.035760	0.262505	0.182515	0.025616	0.182441	35	152	189
747	-0.716573	-0.727939	0.056826	29.035760	0.257258	0.150559	0.024529	0.150454	28	137	166
748	-0.691927	-0.703194	0.056335	28.096945	0.262178	0.169179	0.024306	0.169235	28	51	81
749	-0.699498	-0.710724	0.056132	29.072717	0.257068	0.170879	0.024144	0.170596	6	52	59
750	-0.742374	-0.754088	0.058572	30.072717	0.252035	0.141386	0.025044	0.141321	7	43	52
751	-0.711368	-0.722688	0.056600	31.072717	0.247195	0.167701	0.024073	0.167289	6	52	59
752	-0.759317	-0.770790	0.057367	32.071071	0.242545	0.143000	0.024409	0.143141	8	42	52
753	-0.726991	-0.738790	0.058998	33.053598	0.238136	0.161491	0.024633	0.161448	7	51	60
754	-0.704141	-0.715580	0.057194	34.053597	0.233811	0.159860	0.024405	0.159459	7	42	49
755	-0.718591	-0.730096	0.057524	34.294161	0.232793	0.148893	0.024695	0.148731	6	48	56
756	-0.741340	-0.753245	0.059522	34.248683	0.232985	0.175557	0.024811	0.175345	7	42	49
757	-0.702803	-0.715043	0.061202	33.269967	0.237187	0.147243	0.026418	0.147129	7	50	58
758	-0.712475	-0.724111	0.058180	34.266104	0.232912	0.149512	0.024748	0.149554	7	51	59
759	-0.720895	-0.732927	0.060161	35.194535	0.229063	0.186302	0.025782	0.186128	10	43	55
760	-0.705955	-0.717412	0.057286	34.215819	0.233124	0.176391	0.024422	0.176385	6	43	50
761	-0.743399	-0.755546	0.060735	35.207715	0.229010	0.172748	0.026336	0.172510	6	54	62
762	-0.735564	-0.747204	0.058201	36.207715	0.225007	0.177750	0.024688	0.177858	7	44	51
763	-0.746209	-0.757519	0.056549	37.206657	0.221145	0.171490	0.023952	0.171540	9	46	56
764	-0.717662	-0.729029	0.056836	38.204027	0.217420	0.164620	0.023998	0.164453	7	47	56
765	-0.727799	-0.739416	0.058089	39.151365	0.213995	0.157521	0.024488	0.157038	9	140	149
766	-0.729551	-0.741183	0.058159	38.172651	0.217535	0.153771	0.024515	0.153335	34	116	151
767	-0.724161	-0.735890	0.058645	39.172572	0.213920	0.169300	0.024878	0.169312	32	96	129
768	-0.736785	-0.748645	0.059299	40.172571	0.210423	0.152104	0.025136	0.152014	7	52	60
769	-0.746974	-0.758905	0.059657	39.577696	0.212489	0.159980	0.024907	0.159846	6	42	50
770	-0.704554	-0.716243	0.058444	40.575697	0.209045	0.178102	0.024888	0.178193	6	51	59
771	-0.696059	-0.707410	0.056758	39.597011	0.212422	0.160572	0.024477	0.160295	6	42	49
772	-0.727728	-0.739393	0.058327	38.936940	0.214761	0.176801	0.024439	0.176798	7	50	57
773	-0.739172	-0.750840	0.058344	39.936940	0.211237	0.174234	0.025313	0.174063	6	42	50
774	-0.708755	-0.720603	0.059236	40.936348	0.207828	0.163359	0.024757	0.163044	7	50	58
775	-0.718367	-0.729646	0.056394	39.957633	0.211165	0.168922	0.024082	0.168954	6	43	50
776	-0.713379	-0.725143	0.058818	38.978918	0.214611	0.154191	0.025443	0.154187	6	49	56
777	-0.755347	-0.767704	0.061786	38.000209	0.218171	0.165589	0.026248	0.165404	10	44	55
778	-0.744952	-0.756713	0.058805	39.000209	0.214535	0.156617	0.025022	0.156466	7	52	61
779	-0.714160	-0.725873	0.058562	39.989425	0.211055	0.184767	0.024718	0.184405	6	43	50
780	-0.744079	-0.755646	0.057837	39.010855	0.214496	0.149632	0.024938	0.149442	6	53	60
781	-0.698003	-0.709741	0.058690	38.876055	0.214979	0.162440	0.025159	0.162342	7	45	53
782	-0.675884	-0.686724	0.054201	39.867494	0.211478	0.152687	0.023277	0.152541	9	65	76
783	-0.744178	-0.756184	0.060029	38.888778	0.214934	0.164203	0.025389	0.164164	9	119	129
784	-0.737255	-0.749038	0.058913	39.886986	0.211410	0.166964	0.024967	0.166886	36	68	106
785	-0.757345	-0.769154	0.059046	38.908271	0.214864	0.189545	0.024314	0.189359	8	52	61
786	-0.716240	-0.727873	0.058164	37.929555	0.218432	0.150057	0.024407	0.149618	7	44	52
787	-0.757570	-0.769697	0.060633	38.929555	0.214787	0.173230	0.025904	0.173084	7	52	60
788	-0.716781	-0.728192	0.057052	37.950840	0.218353	0.153477	0.024083	0.153235	6	42	50
789	-0.721756	-0.733573	0.059085	38.945883	0.214729	0.159281	0.025482	0.159315	7	51	58
790	-0.727939	-0.739916	0.059887	39.945883	0.211206	0.161319	0.025758	0.161281	6	43	50
791	-0.722611	-0.734440	0.059143	40.945883	0.207796	0.135843	0.025035	0.135711	6	49	57
792	-0.711553	-0.723674	0.060601	39.988309	0.211059	0.161005	0.025382	0.160933	6	44	52
793	-0.707375	-0.719159	0.058916	40.988309	0.207654	0.173039	0.024871	0.173252	6	53	60
794	-0.739963	-0.752063	0.060501	40.009593	0.210985	0.172832	0.025323	0.172736	6	43	50
795	-0.738036	-0.749809	0.058869	41.009593	0.207583	0.165761	0.025486	0.165618	6	52	59
796	-0.757220	-0.769619	0.061993	40.031039	0.210911	0.173508	0.026959	0.173293	6	43	50
797	-0.709115	-0.720944	0.059148	39.052328	0.214348	0.164240	0.024984	0.164321	6	50	57
798	-0.789271	-0.801492	0.061105	38.094783	0.217822	0.197619	0.026255	0.197466	7	43	50
799	-0.711906	-0.723352	0.057230	37.116406	0.221488	0.173511	0.024279	0.173651	6	51	59
800	-0.722151	-0.734151	0.060001	36.162198	0.225186	0.179308	0.025235	0.179468	6	43	50
801	-0.745363	-0.757336	0.059864	35.183483	0.229109	0.170956	0.025628	0.170787	8	52	60
802	-0.713820	-0.725953	0.060664	36.183483	0.225102	0.164891	0.026342	0.164515	6	44	51
803	-0.753357	-0.765517	0.060803	35.212157	0.228992	0.177611	0.026085	0.177401	7	52	61
804	-0.729803	-0.741605	0.059009	36.212157	0.224989	0.166287	0.024704	0.166242	8	92	100
805	-0.715941	-0.727771	0.059146	37.212157	0.221124	0.149679	0.025482	0.149549	15	199	215
806	-0.684690	-0.696039	0.056746	38.212157	0.217390	0.134105	0.023932	0.134053	33	149	184
807	-0.718481	-0.730049	0.057839	37.233441	0.221043	0.151101	0.024632	0.151015	35	112	167
808	-0.691378	-0.703227	0.059245	36.346369	0.224463	0.160133	0.025161	0.159676	10	46	56
809	-0.692689	-0.704421	0.058663	35.367653	0.228360	0.198460	0.024650	0.198265	6	52	60
810	-0.749741	-0.761734	0.059964	36.367653	0.224379	0.146538	0.025667	0.146722	9	114	124
811	-0.716377	-0.728003	0.058129	36.284673	0.224704	0.159181	0.024784	0.158937	14	158	191
812	-0.723770	-0.735486	0.058581	35.632591	0.227292	0.151376	0.025098	0.151154	13	93	108
813	-0.709433	-0.721315	0.059411	36.632591	0.223348	0.131767	0.025453	0.131517	35	118	154
814	-0.722940	-0.734986	0.060229	35.653876	0.227206	0.152153	0.025412	0.152159	27	84	113
815	-0.692829	-0.704329	0.057502	36.653876	0.223265	0.160474	0.024725	0.160481	6	51	58
816	-0.739499	-0.751854	0.061779	35.675160	0.227121	0.174449	0.026486	0.174084	6	44	51
817	-0.741722	-0.753686	0.059819	34.696448	0.231112	0.177127	0.025509	0.176876	8	49	59
818	-0.718391	-0.730154	0.058815	33.717732	0.235246	0.171817	0.024719	0.171767	6	43	50
819	-0.734362	-0.745822	0.057297	34.717732	0.231024	0.176722	0.024454	0.176590	7	48	56
820	-0.729962	-0.742043	0.060407	35.717579	0.226951	0.161007	0.026173	0.160968	6	42	50
821	-0.696193	-0.708013	0.059098	34.993353	0.229886	0.157158	0.025592	0.156837	7	48	56
822	-0.718652	-0.730168	0.057576	35.993353	0.225853	0.141143	0.024687	0.141142	6	43	50
823	-0.708962	-0.720474	0.057560	36.639261	0.223322	0.177620	0.024166	0.177485	6	51	58
824	-0.755621	-0.767855	0.061171	37.639260	0.219514	0.167429	0.026051	0.167297	6	42	49
825	-0.743809	-0.755793	0.059920	36.660545	0.223240	0.174504	0.024939	0.174351	7	47	56
826	-0.722944	-0.734277	0.056665	35.681829	0.227094	0.159969	0.024743	0.159797	6	42	49
827	-0.739294	-0.751560	0.061333	36.471804	0.223973	0.158697	0.025807	0.158449	6	42	49
828	-0.731841	-0.743583	0.058708	35.510685	0.227782	0.160425	0.024551	0.160416	10	44	55
829	-0.709438	-0.721018	0.057896	36.510685	0.223821	0.139084	0.024793	0.138969	6	44	51
830	-0.693612	-0.705229	0.058082	37.510669	0.219996	0.164230	0.025038	0.163934	10	46	58
831	-0.707704	-0.719177	0.057366	38.504422	0.216322	0.184659	0.024119	0.185083	7	97	106
832	-0.716776	-0.728422	0.058226	37.525706	0.219940	0.170024	0.024487	0.169893	14	142	176
833	-0.741592	-0.754290	0.063488	38.525706	0.216245	0.203098	0.026969	0.202926	10	99	110
834	-0.719899	-0.731551	0.058257	37.551181	0.219844	0.159153	0.024452	0.158732	30	122	153
835	-0.752564	-0.764411	0.059238	36.572467	0.223581	0.188599	0.025032	0.188645	33	146	180
836	-0.716288	-0.728808	0.062601	37.572467	0.219764	0.159423	0.026918	0.159305	37	156	194
837	-0.744906	-0.756740	0.059171	36.599445	0.223476	0.174188	0.025450	0.174435	55	92	149
838	-0.754206	-0.766119	0.059569	37.599445	0.219663	0.234973	0.025104	0.234927	29	120	149
839	-0.712557	-0.724158	0.058006	36.620730	0.223394	0.180377	0.024438	0.180024	32	143	176
840	-0.738366	-0.750396	0.060151	37.620730	0.219583	0.170870	0.026196	0.170282	33	122	156
841	-0.746950	-0.758688	0.058686	36.900000	0.222316	0.163175	0.025140	0.163107	8	46	56
842	-0.757619	-0.769658	0.060192	35.921545	0.226138	0.171228	0.025867	0.171463	8	44	52
843	-0.739124	-0.750403	0.056397	36.921545	0.222234	0.156967	0.024378	0.156934	7	43	50
844	-0.733880	-0.746358	0.062393	37.921545	0.218462	0.159183	0.026202	0.158927	12	43	56
845	-0.711116	-0.722979	0.059316	36.942830	0.222152	0.193716	0.025214	0.193342	7	42	50
846	-0.720619	-0.732767	0.060739	35.964120	0.225969	0.138237	0.025877	0.137962	14	42	57
847	-0.719783	-0.731424	0.058206	36.964120	0.222070	0.160589	0.024432	0.160562	8	43	53
848	-0.730163	-0.741965	0.059008	35.985404	0.225884	0.163877	0.024886	0.163680	12	43	56
849	-0.770171	-0.782689	0.062592	36.985404	0.221989	0.178652	0.026702	0.178834	8	43	53
850	-0.748138	-0.759905	0.058835	37.985404	0.218225	0.174498	0.025470	0.173892	11	43	55
851	-0.722764	-0.734801	0.060185	38.985399	0.214587	0.147471	0.025509	0.147389	7	42	50
852	-0.724596	-0.736557	0.059803	38.006683	0.218147	0.183634	0.025247	0.183372	6	51	58
853	-0.729305	-0.741197	0.059460	39.006683	0.214511	0.171325	0.025044	0.171104	6	43	50
854	-0.724282	-0.735980	0.058490	40.006682	0.210995	0.149150	0.024885	0.148988	7	49	57
855	-0.727989	-0.740252	0.061315	39.027967	0.214435	0.175891	0.026325	0.175754	6	43	50
856	-0.732885	-0.745082	0.060989	38.049468	0.217989	0.152736	0.025462	0.152749	6	49	57
857	-0.736480	-0.748529	0.060247	38.746883	0.215444	0.194970	0.025408	0.194632	7	42	50
858	-0.751690	-0.763908	0.061087	37.768228	0.219032	0.160645	0.025813	0.160408	6	50	58
859	-0.695562	-0.707401	0.059195	38.768228	0.215367	0.162885	0.025037	0.162855	6	42	50
860	-0.699113	-0.711217	0.060521	37.789512	0.218953	0.185586	0.025755	0.184926	7	51	58
861	-0.735536	-0.747808	0.061361	36.810797	0.222659	0.171972	0.026058	0.171957	7	42	50
862	-0.724593	-0.736992	0.061998	37.810797	0.218873	0.156557	0.025720	0.156247	8	47	56
863	-0.736989	-0.749471	0.062411	38.810797	0.215214	0.155817	0.026276	0.155719	7	42	49
864	-0.763209	-0.775662	0.062267	39.810797	0.211675	0.166300	0.026259	0.166109	6	50	56
865	-0.753292	-0.765840	0.062740	40.810797	0.208250	0.171705	0.026519	0.171747	7	42	51
866	-0.728809	-0.740648	0.059196	39.832081	0.211601	0.145675	0.024827	0.145617	7	50	57
867	-0.722008	-0.733991	0.059915	38.853366	0.215061	0.190630	0.025387	0.190537	6	42	50
868	-0.750994	-0.762676	0.058411	39.853366	0.211527	0.143689	0.024688	0.143474	6	52	58
869	-0.732555	-0.744428	0.059365	38.879355	0.214968	0.172084	0.025256	0.172091	7	42	51
870	-0.731427	-0.742926	0.057497	37.900663	0.218539	0.158422	0.024167	0.158303	6	50	58
871	-0.729042	-0.740778	0.058681	37.288794	0.220833	0.150027	0.024706	0.149793	6	42	49
872	-0.711784	-0.723472	0.058439	37.940548	0.218392	0.194184	0.024770	0.194030	6	52	59
873	-0.745561	-0.757424	0.059316	38.940548	0.214748	0.165541	0.024839	0.165563	6	43	50
874	-0.746687	-0.758865	0.060893	39.940401	0.211225	0.188629	0.025451	0.188367	6	52	58
875	-0.755457	-0.767793	0.061677	38.961824	0.214672	0.191669	0.026085	0.191629	7	43	52
876	-0.727611	-0.739448	0.059188	37.983108	0.218234	0.168711	0.024999	0.168667	8	51	59
877	-0.706659	-0.718353	0.058471	37.004393	0.221916	0.169442	0.024941	0.169531	6	43	50
878	-0.745187	-0.756977	0.058949	38.004393	0.218155	0.174560	0.024874	0.174598	6	50	57
879	-0.733065	-0.744847	0.058906	39.004393	0.214520	0.166180	0.024734	0.165684	6	43	50
880	-0.722996	-0.735100	0.060523	38.025677	0.218077	0.163807	0.025841	0.163639	7	50	58
881	-0.751632	-0.764149	0.062583	38.902655	0.214884	0.175570	0.026708	0.175496	6	44	51
882	-0.726196	-0.737608	0.057060	37.923940	0.218453	0.159995	0.024316	0.159949	7	50	58
883	-0.744863	-0.757495	0.063161	36.945225	0.222143	0.203134	0.026892	0.202741	7	43	50
884	-0.716296	-0.728055	0.058797	37.945225	0.218374	0.141434	0.025023	0.141448	6	50	57
885	-0.736472	-0.748566	0.060471	38.945225	0.214731	0.211480	0.026078	0.211627	7	42	50
886	-0.698715	-0.710976	0.061308	37.966510	0.218295	0.149479	0.025755	0.149221	6	49	56
887	-0.718428	-0.730303	0.059375	38.600643	0.215973	0.144634	0.025136	0.144618	6	43	51
888	-0.741989	-0.754050	0.060307	37.627137	0.219559	0.164903	0.025693	0.164790	6	47	55
889	-0.713105	-0.725245	0.060701	36.648492	0.223286	0.179105	0.025314	0.179034	6	43	50
890	-0.778797	-0.791107	0.061551	37.645707	0.219489	0.193434	0.026076	0.193404	6	48	55
891	-0.730003	-0.742110	0.060536	38.645707	0.215810	0.173228	0.025601	0.172868	6	43	51
892	-0.724421	-0.736862	0.062208	39.645707	0.212251	0.207081	0.026246	0.206906	7	50	58
893	-0.712264	-0.723605	0.056703	38.666992	0.215733	0.150394	0.024249	0.149989	8	43	52
894	-0.688085	-0.699968	0.059412	38.178467	0.217514	0.147693	0.024811	0.147475	7	47	55
895	-0.734249	-0.747108	0.064296	39.161236	0.213960	0.172945	0.026916	0.172488	6	44	51
896	-0.745497	-0.757642	0.060726	38.182520	0.217499	0.148080	0.025357	0.147818	6	48	56
897	-0.740654	-0.753027	0.061862	39.182520	0.213885	0.150204	0.026639	0.149786	7	42	49
898	-0.716655	-0.728947	0.061460	38.203804	0.217420	0.161121	0.025752	0.161284	6	49	56
899	-0.695769	-0.707865	0.060481	38.883984	0.214951	0.175302	0.025655	0.175311	8	43	52
900	-0.721966	-0.734456	0.062451	39.883984	0.211420	0.182016	0.026511	0.181766	7	43	52
901	-0.734210	-0.746547	0.061683	38.905269	0.214875	0.160025	0.025736	0.159922	9	43	53
902	-0.714898	-0.726806	0.059538	39.905269	0.211347	0.155571	0.025223	0.155396	7	43	52
903	-0.738657	-0.750954	0.061487	40.905149	0.207933	0.150522	0.026553	0.150059	9	43	54
904	-0.752319	-0.764120	0.059007	39.926434	0.211273	0.169220	0.024860	0.169275	6	42	50
905	-0.765828	-0.778166	0.061690	38.947718	0.214722	0.150878	0.025591	0.150443	8	50	58
906	-0.748247	-0.760231	0.059921	37.969003	0.218286	0.173190	0.025204	0.173022	7	42	50
907	-0.679838	-0.691771	0.059665	38.968961	0.214646	0.160756	0.025618	0.160758	11	44	55
908	-0.724315	-0.736225	0.059552	37.990245	0.218208	0.163904	0.025160	0.163875	6	44	51
909	-0.733847	-0.745917	0.060348	38.851065	0.215069	0.158512	0.025439	0.158381	7	48	57
910	-0.682995	-0.694492	0.057484	39.851063	0.211535	0.183802	0.024040	0.183721	7	43	51
911	-0.726562	-0.739210	0.063242	40.851063	0.208115	0.143296	0.027116	0.142862	7	49	58
912	-0.716928	-0.728872	0.059718	39.872347	0.211461	0.153786	0.025157	0.153846	6	43	50
913	-0.747261	-0.759183	0.059607	38.917884	0.214829	0.148430	0.025146	0.148403	6	50	57
914	-0.743789	-0.755713	0.059617	39.917446	0.211304	0.185147	0.025067	0.184936	7	42	51
915	-0.717470	-0.729404	0.059667	38.938999	0.214754	0.165678	0.025132	0.165536	7	51	58
916	-0.738216	-0.750250	0.060168	37.960283	0.218318	0.167021	0.025485	0.166985	6	43	50
917	-0.766679	-0.779035	0.061784	38.960238	0.214678	0.158176	0.026593	0.157672	6	50	58
918	-0.746148	-0.758268	0.060604	37.981522	0.218240	0.183229	0.025606	0.183137	6	42	49
919	-0.703366	-0.715068	0.058512	38.920673	0.214819	0.159628	0.024375	0.159615	7	49	57
920	-0.766504	-0.778564	0.060298	39.920386	0.211294	0.148163	0.024997	0.147959	6	42	49
921	-0.715894	-0.727963	0.060347	38.941670	0.214744	0.165884	0.024850	0.165652	7	52	59
922	-0.721925	-0.733500	0.057877	39.941670	0.211220	0.158463	0.024167	0.158350	7	43	50
923	-0.738893	-0.750994	0.060502	40.936435	0.207828	0.169588	0.026125	0.169447	6	51	58
924	-0.714158	-0.726118	0.059796	39.957720	0.211165	0.150699	0.024608	0.150536	7	43	51
925	-0.739357	-0.751482	0.060625	40.957658	0.207757	0.176529	0.025585	0.176625	7	51	59
926	-0.742142	-0.753817	0.058378	39.978942	0.211091	0.158976	0.024206	0.158887	6	42	50
927	-0.720188	-0.731671	0.057415	40.625543	0.208876	0.159209	0.023954	0.158871	7	50	58
928	-0.735169	-0.746921	0.058760	41.598218	0.205631	0.145205	0.025072	0.145004	7	43	51
929	-0.735130	-0.747216	0.060429	40.619502	0.208897	0.174096	0.025220	0.173847	6	49	57
930	-0.736811	-0.748777	0.059827	41.619499	0.205561	0.182441	0.025208	0.182028	8	42	52
931	-0.727456	-0.739500	0.060217	42.619338	0.202330	0.151004	0.025332	0.150984	6	50	58
932	-0.722622	-0.734700	0.060388	41.640623	0.205492	0.161933	0.025702	0.161707	6	43	51
933	-0.736776	-0.749173	0.061987	40.661907	0.208753	0.183470	0.025677	0.183193	6	51	58
934	-0.716887	-0.729236	0.061747	39.683192	0.212120	0.192326	0.026065	0.192180	7	42	51
935	-0.744656	-0.757082	0.062130	40.484462	0.209356	0.174911	0.026085	0.175035	7	50	57
936	-0.710121	-0.721864	0.058715	41.484462	0.206005	0.180744	0.024619	0.180520	7	42	50
937	-0.734412	-0.746800	0.061942	40.505746	0.209283	0.159056	0.025691	0.158913	6	53	60
938	-0.731367	-0.743479	0.060561	40.231309	0.210221	0.166370	0.024792	0.166505	7	42	51
939	-0.745147	-0.757425	0.061389	39.252594	0.213636	0.163956	0.025514	0.163906	6	51	58
940	-0.717980	-0.730064	0.060418	40.251274	0.210153	0.171480	0.025568	0.171226	6	42	49
941	-0.716898	-0.729414	0.062581	39.272559	0.213565	0.170858	0.025881	0.170777	6	52	59
942	-0.719638	-0.731689	0.060256	40.272556	0.210080	0.168434	0.025483	0.168312	6	43	50
943	-0.711478	-0.724106	0.063142	39.293840	0.213490	0.183362	0.026050	0.183164	6	53	60
944	-0.731236	-0.742626	0.056948	40.284048	0.210040	0.142996	0.024153	0.142876	6	45	52
945	-0.747842	-0.760535	0.063466	41.284048	0.206668	0.171913	0.026712	0.171555	7	53	62
946	-0.721342	-0.732998	0.058279	40.305332	0.209967	0.142336	0.024571	0.142161	7	94	103
947	-0.706967	-0.718755	0.058943	41.305332	0.206597	0.168401	0.025177	0.168360	6	136	162
948	-0.738791	-0.750831	0.060201	40.326617	0.209894	0.147240	0.025166	0.146982	13	118	132
949	-0.684393	-0.696721	0.061643	39.351755	0.213285	0.172076	0.025811	0.172050	31	48	80
950	-0.704941	-0.716710	0.058845	38.373039	0.216801	0.164683	0.024510	0.164590	7	52	61
951	-0.718080	-0.730356	0.061380	39.373039	0.213210	0.193509	0.025782	0.193298	7	44	51
952	-0.741723	-0.754453	0.063649	38.394324	0.216723	0.190238	0.026573	0.190212	6	50	58
953	-0.705545	-0.717978	0.062163	37.415608	0.220354	0.170624	0.026239	0.170317	7	44	52
954	-0.757667	-0.769845	0.060888	38.415608	0.216645	0.154865	0.025439	0.154799	6	52	59
955	-0.710572	-0.722982	0.062050	39.415608	0.213059	0.157048	0.025748	0.156839	6	44	51
956	-0.770358	-0.782249	0.059456	38.436893	0.216568	0.175272	0.025065	0.175069	6	52	59
957	-0.751944	-0.764585	0.063206	39.436893	0.212984	0.187236	0.026490	0.186782	6	43	50
958	-0.717761	-0.729994	0.061167	40.436893	0.209518	0.183996	0.025460	0.183979	6	53	60
959	-0.745049	-0.757400	0.061758	39.458177	0.212909	0.164110	0.025599	0.163861	6	44	52
960	-0.726279	-0.738831	0.062759	40.458177	0.209445	0.149268	0.026289	0.148914	6	52	60
961	-0.741074	-0.753418	0.061720	41.457630	0.206094	0.170553	0.025609	0.170120	7	42	49
962	-0.735583	-0.748347	0.063824	40.478918	0.209374	0.161556	0.026933	0.161329	6	49	56
963	-0.694485	-0.706323	0.059192	39.500202	0.212762	0.157644	0.025142	0.157540	7	43	51
964	-0.752734	-0.765692	0.064792	40.500202	0.209302	0.169782	0.026929	0.169701	6	51	59
965	-0.725244	-0.738667	0.067118	39.521487	0.212687	0.141382	0.028060	0.141585	6	44	52
966	-0.738102	-0.750232	0.060652	38.542771	0.216183	0.172433	0.025532	0.172481	8	95	103
967	-0.732275	-0.744538	0.061313	37.590796	0.219695	0.203561	0.026120	0.203355	36	123	161
968	-0.729506	-0.741898	0.061957	38.590796	0.216008	0.185637	0.026310	0.185318	32	141	176
969	-0.705696	-0.717789	0.060465	39.590796	0.212443	0.174666	0.025428	0.174465	11	162	175
970	-0.738519	-0.750612	0.060464	38.612080	0.215931	0.156262	0.025531	0.155835	7	46	55
971	-0.712062	-0.724688	0.063132	39.611805	0.212370	0.186161	0.027372	0.186619	11	46	58
972	-0.761639	-0.774074	0.062173	38.633089	0.215855	0.183447	0.026042	0.183407	6	44	51
973	-0.706516	-0.718519	0.060015	39.633089	0.212295	0.147636	0.025202	0.147434	11	44	56
974	-0.712892	-0.725478	0.062932	38.683140	0.215674	0.160680	0.026268	0.160809	6	44	52
975	-0.743126	-0.755049	0.059616	39.683140	0.212120	0.175206	0.025038	0.174937	7	72	80
976	-0.740081	-0.752373	0.061461	39.957855	0.211164	0.148440	0.025675	0.148386	7	114	124
977	-0.719117	-0.731350	0.061162	40.957855	0.207756	0.182943	0.025928	0.182945	7	149	157
978	-0.707661	-0.720056	0.061974	41.957774	0.204456	0.169368	0.025916	0.169355	10	90	102
979	-0.721386	-0.733130	0.058716	40.979059	0.207685	0.201879	0.024813	0.201779	35	145	182
980	-0.757494	-0.769656	0.060814	40.000343	0.211017	0.176040	0.025621	0.175885	7	54	62
981	-0.732035	-0.744388	0.061766	41.000343	0.207614	0.171245	0.025649	0.171044	6	93	101
982	-0.712351	-0.724296	0.059728	40.191498	0.210358	0.173149	0.025549	0.173022	8	121	130
983	-0.746641	-0.758266	0.058128	40.716279	0.208569	0.156566	0.024501	0.156250	31	94	127
984	-0.753722	-0.767035	0.066565	39.737564	0.211930	0.144816	0.027643	0.144775	8	45	56
985	-0.730578	-0.743075	0.062482	40.735911	0.208503	0.159158	0.026629	0.159215	8	43	53
986	-0.740967	-0.752889	0.059607	41.735911	0.205179	0.174924	0.025238	0.175193	7	42	50
987	-0.744340	-0.756723	0.061915	40.800360	0.208285	0.175990	0.025718	0.175853	11	44	55
988	-0.725079	-0.737603	0.062621	41.793774	0.204990	0.176746	0.026620	0.176603	7	42	49
989	-0.731701	-0.743872	0.060855	40.815059	0.208236	0.168843	0.025899	0.168904	10	44	55
990	-0.696872	-0.709288	0.062082	39.836343	0.211586	0.176647	0.026271	0.176643	6	43	50
991	-0.724056	-0.736280	0.061121	38.857628	0.215046	0.154140	0.025578	0.153998	6	52	60
992	-0.722181	-0.734021	0.059198	39.857628	0.211512	0.166695	0.024861	0.166546	7	45	53
993	-0.733505	-0.746022	0.062585	40.857628	0.208093	0.157546	0.025962	0.157323	8	51	60
994	-0.742268	-0.754543	0.061376	41.857628	0.204782	0.139243	0.025395	0.139138	6	43	50
995	-0.768261	-0.780675	0.062067	42.857627	0.201575	0.154157	0.025448	0.153972	11	44	56
996	-0.715445	-0.727883	0.062188	43.857583	0.198467	0.160317	0.026400	0.160119	6	43	51
997	-0.735844	-0.748544	0.063498	43.174581	0.200580	0.170052	0.026557	0.169929	8	50	58
998	-0.724009	-0.736482	0.062365	44.170446	0.197515	0.175691	0.026276	0.175523	7	95	103
999	-0.708171	-0.720459	0.061438	43.191730	0.200526	0.169908	0.025475	0.169679	32	117	151
