1:ItNr	2:Metric	3a:Time	3b:StepSize	4:||Gradient||	Time[ms]
0	-0.700774	0.000000	0.008955	0.345868	754
1	-0.744871	0.000000	0.008955	0.288159	3
2	-0.735731	0.000000	0.008955	0.237472	5
3	-0.718403	0.000000	0.008955	0.350542	4
4	-0.743527	0.000000	0.008955	0.324863	5
5	-0.750700	0.000000	0.008955	0.323047	3
6	-0.694514	0.000000	0.008955	0.266479	2
7	-0.724648	0.000000	0.008955	0.236434	6
8	-0.724819	0.000000	0.008955	0.281779	5
9	-0.744372	0.000000	0.008955	0.318199	4
10	-0.744926	0.000000	0.008955	0.332975	5
11	-0.714036	0.000000	0.008955	0.339629	3
12	-0.738523	0.000000	0.008955	0.303175	5
13	-0.731542	0.000000	0.008955	0.405673	3
14	-0.698304	0.000000	0.008955	0.520209	3
15	-0.690050	0.000000	0.008955	0.453776	4
16	-0.714673	0.000000	0.008955	0.215599	3
17	-0.697329	0.000000	0.008955	0.369354	5
18	-0.747045	0.000000	0.008955	0.386547	3
19	-0.743430	0.000000	0.008955	0.296035	5
20	-0.745536	0.000000	0.008955	0.292963	3
21	-0.714403	0.000000	0.008955	0.386885	2
22	-0.754904	0.000000	0.008955	0.202731	2
23	-0.741377	0.000000	0.008955	0.272733	3
24	-0.761017	0.000000	0.008955	0.317869	4
25	-0.737087	0.000000	0.008955	0.352930	3
26	-0.728063	0.000000	0.008955	0.328462	3
27	-0.746950	0.000000	0.008955	0.440331	3
28	-0.716632	0.000000	0.008955	0.371187	3
29	-0.727361	0.000000	0.008955	0.385524	3
30	-0.760504	0.000000	0.008955	0.198204	4
31	-0.731732	0.000000	0.008955	0.352005	2
32	-0.708520	0.000000	0.008955	0.330467	5
33	-0.774172	0.000000	0.008955	0.220215	3
34	-0.735470	0.000000	0.008955	0.316387	2
35	-0.708032	0.000000	0.008955	0.213537	3
36	-0.744111	0.000000	0.008955	0.260229	3
37	-0.750126	0.000000	0.008955	0.316016	2
38	-0.752993	0.000000	0.008955	0.208389	5
39	-0.726151	0.000000	0.008955	0.354309	2
40	-0.759709	0.000000	0.008955	0.368585	3
41	-0.754614	0.000000	0.008955	0.195292	5
42	-0.717237	0.000000	0.008955	0.183615	7
43	-0.761867	0.000000	0.008955	0.265075	7
44	-0.756670	0.000000	0.008955	0.283142	2
45	-0.693925	0.000000	0.008955	0.345697	5
46	-0.750978	0.000000	0.008955	0.434850	3
47	-0.757477	0.000000	0.008955	0.346706	4
48	-0.757668	0.000000	0.008955	0.330084	3
49	-0.743051	0.000000	0.008955	0.223211	2
50	-0.770850	0.000000	0.008955	0.211461	4
51	-0.790545	0.000000	0.008955	0.230321	3
52	-0.768422	0.000000	0.008955	0.248092	2
53	-0.757616	0.000000	0.008955	0.296183	3
54	-0.740523	0.000000	0.008955	0.428561	4
55	-0.724999	0.000000	0.008955	0.272892	3
56	-0.759797	0.000000	0.008955	0.278678	4
57	-0.736020	0.000000	0.008955	0.227393	3
58	-0.745619	0.000000	0.008955	0.339370	3
59	-0.760643	0.000000	0.008955	0.310030	4
60	-0.761846	0.000000	0.008955	0.455658	3
61	-0.781384	0.000000	0.008955	0.426597	3
62	-0.778363	0.000000	0.008955	0.269675	2
63	-0.749728	0.000000	0.008955	0.313247	6
64	-0.806498	0.000000	0.008955	0.276806	3
65	-0.753088	0.000000	0.008955	0.223833	2
66	-0.797568	0.000000	0.008955	0.175961	4
67	-0.779679	0.000000	0.008955	0.240373	4
68	-0.770370	0.000000	0.008955	0.308208	2
69	-0.784490	0.000000	0.008955	0.390061	5
70	-0.771308	0.000000	0.008955	0.315808	3
71	-0.750543	0.000000	0.008955	0.390402	2
72	-0.770480	0.000000	0.008955	0.353403	8
73	-0.783875	0.000000	0.008955	0.326145	4
74	-0.776199	0.000000	0.008955	0.137659	5
75	-0.759259	0.000000	0.008955	0.391851	5
76	-0.768908	0.000000	0.008955	0.265543	7
77	-0.780511	0.000000	0.008955	0.356875	4
78	-0.781478	0.000000	0.008955	0.235324	3
79	-0.781335	0.000000	0.008955	0.269030	2
80	-0.723000	0.000000	0.008955	0.238521	4
81	-0.777572	0.000000	0.008955	0.091665	2
82	-0.749260	0.000000	0.008955	0.334157	4
83	-0.773429	0.000000	0.008955	0.263788	4
84	-0.775679	0.000000	0.008955	0.207780	5
85	-0.766335	0.000000	0.008955	0.284857	4
86	-0.766238	0.000000	0.008955	0.139403	2
87	-0.747074	0.000000	0.008955	0.224740	3
88	-0.776096	0.000000	0.008955	0.264303	4
89	-0.764060	0.000000	0.008955	0.324732	4
90	-0.771013	0.000000	0.008955	0.336346	4
91	-0.776213	0.984289	0.008554	0.316214	2
92	-0.823185	0.610344	0.008702	0.188587	5
93	-0.804012	0.236400	0.008855	0.179472	5
94	-0.794083	1.219212	0.008464	0.519943	5
95	-0.760173	0.845268	0.008609	0.379508	2
96	-0.775796	0.471323	0.008758	0.353161	3
97	-0.777774	0.097379	0.008914	0.339195	3
98	-0.764580	0.000000	0.008955	0.292228	4
99	-0.803724	0.000000	0.008955	0.345186	4
100	-0.766694	0.000000	0.008955	0.330833	5
101	-0.780548	0.000000	0.008955	0.313317	7
102	-0.762275	0.000000	0.008955	0.245879	2
103	-0.773322	0.000000	0.008955	0.321656	5
104	-0.776698	0.000000	0.008955	0.216874	7
105	-0.789440	0.000000	0.008955	0.281883	2
106	-0.771275	0.000000	0.008955	0.224699	3
107	-0.791242	0.000000	0.008955	0.275524	3
108	-0.770552	0.000000	0.008955	0.337555	4
109	-0.770240	0.000000	0.008955	0.355607	3
110	-0.774759	0.000000	0.008955	0.366240	3
111	-0.792694	0.000000	0.008955	0.189330	4
112	-0.790203	0.000000	0.008955	0.288156	2
113	-0.782351	0.000000	0.008955	0.386542	3
114	-0.796891	0.000000	0.008955	0.321126	3
115	-0.796718	0.000000	0.008955	0.375313	4
116	-0.757343	0.000000	0.008955	0.238392	3
117	-0.752296	0.000000	0.008955	0.171784	2
118	-0.760128	0.000000	0.008955	0.334557	3
119	-0.790966	0.000000	0.008955	0.258363	3
120	-0.798508	0.000000	0.008955	0.334350	5
121	-0.780464	0.000000	0.008955	0.353059	3
122	-0.802693	0.000000	0.008955	0.310965	4
123	-0.793516	0.000000	0.008955	0.221470	2
124	-0.768825	0.000000	0.008955	0.232069	3
125	-0.772435	0.000000	0.008955	0.315472	4
126	-0.775380	0.000000	0.008955	0.159351	3
127	-0.788300	0.000000	0.008955	0.194489	3
128	-0.789035	0.000000	0.008955	0.329478	4
129	-0.774377	0.000000	0.008955	0.363922	6
130	-0.784197	0.000000	0.008955	0.306498	6
131	-0.785697	0.000000	0.008955	0.325682	2
132	-0.803965	0.000000	0.008955	0.262445	4
133	-0.805220	0.000000	0.008955	0.524265	3
134	-0.763646	0.000000	0.008955	0.384179	4
135	-0.803885	0.000000	0.008955	0.299691	2
136	-0.785454	0.000000	0.008955	0.330358	4
137	-0.787984	0.000000	0.008955	0.277269	4
138	-0.776545	0.000000	0.008955	0.297500	3
139	-0.799762	0.000000	0.008955	0.298159	6
140	-0.812812	0.000000	0.008955	0.184107	3
141	-0.794196	0.000000	0.008955	0.289379	1
142	-0.782959	0.000000	0.008955	0.368129	3
143	-0.793108	0.000000	0.008955	0.324402	4
144	-0.809235	0.000000	0.008955	0.242209	4
145	-0.794495	0.000000	0.008955	0.310103	3
146	-0.782933	0.000000	0.008955	0.224443	5
147	-0.787634	0.000000	0.008955	0.343223	3
148	-0.799884	0.000000	0.008955	0.170135	6
149	-0.799830	0.000000	0.008955	0.315122	2
150	-0.802762	0.000000	0.008955	0.269662	3
151	-0.794419	0.000000	0.008955	0.303244	3
152	-0.801428	0.000000	0.008955	0.226000	3
153	-0.814132	0.000000	0.008955	0.297228	4
154	-0.780290	0.000000	0.008955	0.269018	3
155	-0.810098	0.000000	0.008955	0.320097	4
156	-0.811217	0.000000	0.008955	0.259779	2
157	-0.823391	0.000000	0.008955	0.294212	4
158	-0.831425	0.000000	0.008955	0.259689	3
159	-0.783294	0.000000	0.008955	0.372287	3
160	-0.767177	0.000000	0.008955	0.355887	3
161	-0.796956	0.000000	0.008955	0.313557	4
162	-0.785577	0.000000	0.008955	0.248946	8
163	-0.762900	0.000000	0.008955	0.361569	2
164	-0.789619	0.000000	0.008955	0.255236	3
165	-0.818384	0.000000	0.008955	0.210028	4
166	-0.795471	0.000000	0.008955	0.251549	3
167	-0.774555	0.000000	0.008955	0.386697	4
168	-0.794986	0.000000	0.008955	0.329016	4
169	-0.806713	0.000000	0.008955	0.249759	1
170	-0.811368	0.000000	0.008955	0.260456	3
171	-0.810150	0.000000	0.008955	0.295057	4
172	-0.810694	0.000000	0.008955	0.258403	5
173	-0.813885	0.000000	0.008955	0.267363	4
174	-0.841597	0.000000	0.008955	0.161985	2
175	-0.817935	0.000000	0.008955	0.312454	6
176	-0.806817	0.999994	0.008548	0.431856	3
177	-0.823025	0.626050	0.008696	0.175963	4
178	-0.829471	0.252105	0.008849	0.338983	2
179	-0.824907	0.000000	0.008955	0.297210	4
180	-0.783130	0.000000	0.008955	0.460800	2
181	-0.804954	0.000000	0.008955	0.144195	3
182	-0.825725	0.000000	0.008955	0.326051	4
183	-0.835305	0.000000	0.008955	0.189186	3
184	-0.809694	0.000000	0.008955	0.251893	3
185	-0.812947	0.000000	0.008955	0.316674	4
186	-0.824806	0.000000	0.008955	0.262991	3
187	-0.814431	0.000000	0.008955	0.307156	4
188	-0.823226	0.000000	0.008955	0.235425	3
189	-0.820553	0.000000	0.008955	0.249250	3
190	-0.828286	0.000000	0.008955	0.255543	3
191	-0.825460	0.000000	0.008955	0.202408	6
192	-0.786910	0.000000	0.008955	0.387311	6
193	-0.809743	0.000000	0.008955	0.255522	3
194	-0.794889	0.999997	0.008548	0.304319	3
195	-0.817953	1.999997	0.008176	0.281695	2
196	-0.836479	1.626053	0.008311	0.284643	5
197	-0.801749	1.252108	0.008451	0.189873	4
198	-0.820632	0.878164	0.008596	0.347982	3
199	-0.821098	0.504219	0.008745	0.293862	3
200	-0.814063	0.130275	0.008900	0.273459	4
201	-0.814546	0.000000	0.008955	0.269682	5
202	-0.802378	0.000000	0.008955	0.271490	5
203	-0.814037	0.000000	0.008955	0.278305	4
204	-0.812502	0.000000	0.008955	0.400132	4
205	-0.815894	0.000000	0.008955	0.233374	4
206	-0.826271	0.000000	0.008955	0.347518	5
207	-0.825036	0.000000	0.008955	0.227754	2
208	-0.833309	0.000000	0.008955	0.182845	3
209	-0.813212	0.000000	0.008955	0.241910	4
210	-0.816222	0.000000	0.008955	0.298006	3
211	-0.808750	0.000000	0.008955	0.491705	4
212	-0.828218	0.000000	0.008955	0.228138	2
213	-0.814235	0.000000	0.008955	0.323921	5
214	-0.824084	0.000000	0.008955	0.312428	4
215	-0.804710	0.000000	0.008955	0.259551	2
216	-0.835730	0.000000	0.008955	0.270440	3
217	-0.819206	0.000000	0.008955	0.175219	4
218	-0.816086	0.000000	0.008955	0.204778	2
219	-0.838891	0.000000	0.008955	0.306862	2
220	-0.836719	0.000000	0.008955	0.363126	6
221	-0.845547	0.000000	0.008955	0.232915	2
222	-0.807762	0.000000	0.008955	0.255822	6
223	-0.826092	0.000000	0.008955	0.210188	7
224	-0.815102	0.000000	0.008955	0.279533	4
225	-0.837778	0.000000	0.008955	0.303551	1
226	-0.827420	0.000000	0.008955	0.281411	4
227	-0.835514	0.000000	0.008955	0.249239	3
228	-0.859196	0.000000	0.008955	0.315372	4
229	-0.843644	0.000000	0.008955	0.269889	5
230	-0.805622	0.000000	0.008955	0.273342	2
231	-0.835317	0.000000	0.008955	0.263021	5
232	-0.810512	0.000000	0.008955	0.319721	4
233	-0.814785	0.000000	0.008955	0.333328	2
234	-0.810860	0.000000	0.008955	0.305567	3
235	-0.841185	0.000000	0.008955	0.299372	3
236	-0.840192	0.000000	0.008955	0.230834	4
237	-0.824910	0.000000	0.008955	0.189667	2
238	-0.814237	0.000000	0.008955	0.275061	3
239	-0.859609	0.000000	0.008955	0.248040	3
240	-0.827680	0.000000	0.008955	0.316642	3
241	-0.811745	0.000000	0.008955	0.289903	4
242	-0.824932	0.000000	0.008955	0.220772	3
243	-0.829987	0.000000	0.008955	0.394349	5
244	-0.839476	0.000000	0.008955	0.288078	3
245	-0.818212	0.000000	0.008955	0.203547	6
246	-0.839819	0.000000	0.008955	0.302459	3
247	-0.852103	0.000000	0.008955	0.219563	2
248	-0.837585	0.000000	0.008955	0.250290	3
249	-0.839332	0.000000	0.008955	0.300784	2
250	-0.836394	0.000000	0.008955	0.165592	3
251	-0.840995	0.351961	0.008807	0.267565	6
252	-0.820356	0.000000	0.008955	0.228497	7
253	-0.832503	0.000000	0.008955	0.274864	5
254	-0.825708	1.000000	0.008548	0.230670	4
255	-0.842431	0.626056	0.008696	0.186527	2
256	-0.819678	0.252111	0.008849	0.201213	5
257	-0.845950	0.000000	0.008955	0.279304	3
258	-0.853519	0.000000	0.008955	0.180618	3
259	-0.831566	0.000000	0.008955	0.347054	3
260	-0.851100	0.000000	0.008955	0.171091	6
261	-0.842108	0.000000	0.008955	0.230522	5
262	-0.835724	0.000000	0.008955	0.221778	3
263	-0.838283	0.000000	0.008955	0.282535	4
264	-0.827991	0.000000	0.008955	0.282690	4
265	-0.852687	0.000000	0.008955	0.171183	3
266	-0.843184	0.984212	0.008554	0.186110	2
267	-0.830158	0.926007	0.008577	0.216961	2
268	-0.834902	0.552062	0.008726	0.455965	3
269	-0.827818	0.178118	0.008880	0.239426	6
270	-0.833515	0.000000	0.008955	0.247999	4
271	-0.850931	0.000000	0.008955	0.141306	3
272	-0.837631	0.000000	0.008955	0.254119	4
273	-0.822436	0.598387	0.008707	0.251441	3
274	-0.836119	0.224443	0.008860	0.271537	1
275	-0.830458	0.000000	0.008955	0.266540	5
276	-0.841611	0.000000	0.008955	0.225301	4
277	-0.854570	0.000000	0.008955	0.268532	5
278	-0.824263	0.000000	0.008955	0.302069	5
279	-0.849529	0.000000	0.008955	0.204978	4
280	-0.853303	0.000000	0.008955	0.216989	2
281	-0.832567	0.000000	0.008955	0.271897	4
282	-0.824600	0.000000	0.008955	0.249940	4
283	-0.857225	0.000000	0.008955	0.231883	5
284	-0.826585	0.000000	0.008955	0.274536	4
285	-0.857449	1.000000	0.008548	0.316877	4
286	-0.843375	0.626055	0.008696	0.271910	3
287	-0.827558	0.252111	0.008849	0.267954	3
288	-0.831932	0.000000	0.008955	0.266468	2
289	-0.843558	0.000000	0.008955	0.369515	3
290	-0.849952	0.000000	0.008955	0.261734	7
291	-0.866196	0.000000	0.008955	0.211978	3
292	-0.850535	0.000000	0.008955	0.260450	2
293	-0.842041	0.000000	0.008955	0.169651	5
294	-0.846684	0.000000	0.008955	0.188288	3
295	-0.847577	0.000000	0.008955	0.260612	4
296	-0.843133	0.000000	0.008955	0.206474	4
297	-0.860732	0.000000	0.008955	0.158647	1
298	-0.849501	0.855013	0.008605	0.201290	3
299	-0.827520	0.481069	0.008755	0.325624	5
300	-0.835939	1.040423	0.008532	0.282126	6
301	-0.859886	0.666479	0.008680	0.228038	5
302	-0.853443	0.292534	0.008832	0.212019	3
303	-0.855634	0.000000	0.008955	0.128239	3
304	-0.865084	0.000000	0.008955	0.247673	4
305	-0.821868	0.000000	0.008955	0.221977	4
306	-0.876013	0.000000	0.008955	0.231343	4
307	-0.848016	0.000000	0.008955	0.276851	5
308	-0.852191	0.000000	0.008955	0.241343	4
309	-0.860487	0.000000	0.008955	0.312943	2
310	-0.852380	0.000000	0.008955	0.167024	3
311	-0.820674	0.000000	0.008955	0.282175	4
312	-0.822288	0.980505	0.008556	0.269638	3
313	-0.847086	0.606561	0.008704	0.115600	5
314	-0.834163	0.232635	0.008857	0.213570	4
315	-0.853382	0.000000	0.008955	0.142164	2
316	-0.853674	0.000000	0.008955	0.259830	4
317	-0.853345	0.000000	0.008955	0.185253	4
318	-0.845813	0.000000	0.008955	0.146308	2
319	-0.839749	0.417286	0.008781	0.204125	3
320	-0.865727	0.043409	0.008937	0.143083	3
321	-0.841908	0.000000	0.008955	0.225758	3
322	-0.871794	0.959341	0.008564	0.162644	4
323	-0.842628	0.585418	0.008712	0.135507	3
324	-0.841166	0.221958	0.008861	0.212292	2
325	-0.848826	0.000000	0.008955	0.227177	2
326	-0.815128	0.000000	0.008955	0.318719	4
327	-0.870290	0.000000	0.008955	0.266200	4
328	-0.829693	0.000000	0.008955	0.149292	4
329	-0.834150	0.997960	0.008549	0.258493	3
330	-0.850432	1.993899	0.008179	0.161218	3
331	-0.858270	1.619955	0.008314	0.165738	2
332	-0.865067	1.246960	0.008453	0.284562	3
333	-0.862613	0.875264	0.008597	0.215237	2
334	-0.834898	0.550425	0.008726	0.145855	4
335	-0.852029	1.531298	0.008346	0.195900	1
336	-0.827893	2.531297	0.007992	0.254711	3
337	-0.843155	3.523262	0.007668	0.191885	4
338	-0.861234	3.149318	0.007787	0.190383	2
339	-0.835579	3.970390	0.007531	0.216449	8
340	-0.842670	3.596448	0.007646	0.232190	5
341	-0.841496	3.222504	0.007764	0.214863	4
342	-0.856456	4.222504	0.007456	0.269856	4
343	-0.839790	5.203568	0.007177	0.242941	4
344	-0.858154	4.830218	0.007280	0.318083	3
345	-0.828993	4.456273	0.007387	0.371972	1
346	-0.861497	4.082329	0.007498	0.249921	4
347	-0.844361	5.082329	0.007210	0.276697	6
348	-0.844249	6.082328	0.006944	0.235877	2
349	-0.850725	6.396841	0.006864	0.211516	3
350	-0.854575	6.022897	0.006959	0.239412	5
351	-0.840522	5.648952	0.007057	0.163902	2
352	-0.863511	5.285250	0.007154	0.226486	3
353	-0.841811	4.911306	0.007258	0.193875	6
354	-0.850496	4.537361	0.007364	0.230509	1
355	-0.857163	4.163417	0.007473	0.316579	3
356	-0.871769	3.849068	0.007568	0.162127	4
357	-0.853110	3.475124	0.007684	0.146411	3
358	-0.844706	3.101470	0.007803	0.287733	3
359	-0.853729	4.101447	0.007492	0.269937	3
360	-0.858862	3.727503	0.007605	0.243040	3
361	-0.855035	4.727503	0.007310	0.298801	4
362	-0.876953	5.727503	0.007036	0.192611	3
363	-0.847950	5.353558	0.007136	0.246456	2
364	-0.844758	4.979614	0.007239	0.239588	3
365	-0.872399	4.605669	0.007344	0.260742	4
366	-0.854929	5.605662	0.007068	0.302168	2
367	-0.855912	6.605662	0.006812	0.229263	3
368	-0.844413	6.231718	0.006906	0.171997	4
369	-0.858365	6.383727	0.006867	0.172309	3
370	-0.863554	6.009783	0.006963	0.179103	6
371	-0.840476	5.635839	0.007060	0.245096	5
372	-0.859317	5.261895	0.007161	0.247996	3
373	-0.858719	4.887950	0.007264	0.206627	4
374	-0.864606	4.514006	0.007371	0.238480	2
375	-0.841989	4.140062	0.007480	0.211927	2
376	-0.850327	3.766126	0.007593	0.186059	3
377	-0.871354	3.398200	0.007708	0.142986	5
378	-0.834132	3.024255	0.007828	0.157654	5
379	-0.856699	2.759860	0.007915	0.307399	4
380	-0.852014	3.733589	0.007603	0.244905	2
381	-0.862675	4.732779	0.007308	0.214866	5
382	-0.859743	4.358834	0.007416	0.224750	3
383	-0.869889	3.993324	0.007524	0.248626	2
384	-0.844705	3.619380	0.007639	0.288670	2
385	-0.860072	3.245435	0.007756	0.304697	4
386	-0.851994	2.871491	0.007878	0.271531	4
387	-0.860634	2.497546	0.008003	0.162082	5
388	-0.843847	2.123602	0.008133	0.225083	3
389	-0.853185	1.749658	0.008266	0.168047	3
390	-0.869670	1.375797	0.008404	0.125415	5
391	-0.845717	2.336450	0.008058	0.224831	3
392	-0.849896	1.966139	0.008188	0.240707	2
393	-0.855572	1.592195	0.008324	0.182065	4
394	-0.860175	2.170761	0.008116	0.256281	3
395	-0.868921	1.796817	0.008249	0.158126	2
396	-0.836925	1.422872	0.008387	0.177777	4
397	-0.854068	1.048928	0.008529	0.213980	6
398	-0.871779	0.674984	0.008676	0.177580	2
399	-0.851588	0.745483	0.008648	0.279325	4
400	-0.871707	0.371656	0.008799	0.196320	6
401	-0.844423	0.000000	0.008955	0.211139	6
402	-0.846877	0.000000	0.008955	0.195719	2
403	-0.872578	0.000000	0.008955	0.206551	3
404	-0.875811	0.000000	0.008955	0.233580	3
405	-0.852257	0.000000	0.008955	0.220851	5
406	-0.825068	0.972852	0.008559	0.289273	3
407	-0.865938	1.972852	0.008186	0.149472	4
408	-0.847562	1.648028	0.008303	0.331008	3
409	-0.849542	1.274095	0.008443	0.115849	2
410	-0.860002	1.969938	0.008187	0.328352	3
411	-0.857278	1.664138	0.008298	0.192321	3
412	-0.866721	2.650120	0.007952	0.201495	4
413	-0.839893	2.276175	0.008079	0.187899	3
414	-0.845482	3.276175	0.007747	0.258086	3
415	-0.860662	2.902569	0.007868	0.255648	5
416	-0.854467	2.528625	0.007993	0.213274	4
417	-0.845221	2.167315	0.008117	0.211047	2
418	-0.867418	3.126573	0.007795	0.125899	4
419	-0.854607	3.174524	0.007779	0.198708	1
420	-0.864360	4.172068	0.007471	0.235558	1
421	-0.853069	3.840534	0.007571	0.273490	1
422	-0.850284	3.466589	0.007686	0.215363	3
423	-0.842389	3.092645	0.007806	0.248775	3
424	-0.857114	2.718700	0.007929	0.114917	3
425	-0.859131	3.241111	0.007758	0.175534	3
426	-0.856837	4.028145	0.007514	0.193864	5
427	-0.857914	3.654200	0.007628	0.272506	3
428	-0.875870	3.280256	0.007745	0.164158	2
429	-0.857000	2.906612	0.007866	0.200603	5
430	-0.864114	2.532668	0.007991	0.261962	2
431	-0.853902	2.158723	0.008120	0.194938	3
432	-0.843853	1.784779	0.008254	0.224077	5
433	-0.869376	1.410834	0.008391	0.168133	6
434	-0.851724	2.410828	0.008033	0.175998	2
435	-0.863219	2.036918	0.008163	0.179823	4
436	-0.844999	3.036468	0.007824	0.161003	2
437	-0.862630	2.662529	0.007947	0.291127	3
438	-0.854210	2.288585	0.008075	0.158625	4
439	-0.854966	1.914640	0.008207	0.178797	3
440	-0.863909	1.542803	0.008342	0.243524	4
441	-0.849110	2.535116	0.007990	0.226063	6
442	-0.844921	3.504801	0.007674	0.192808	3
443	-0.849951	3.130857	0.007793	0.198556	2
444	-0.867813	2.756969	0.007916	0.147435	2
445	-0.847769	2.396934	0.008038	0.239821	5
446	-0.848513	2.022990	0.008168	0.195497	2
447	-0.832531	1.649045	0.008303	0.174724	3
448	-0.868941	1.404410	0.008394	0.145437	4
449	-0.863170	1.219854	0.008463	0.150392	2
450	-0.853924	0.845928	0.008608	0.196320	3
451	-0.855980	1.845777	0.008232	0.305053	3
452	-0.876507	1.471833	0.008369	0.251266	3
453	-0.852829	1.097889	0.008510	0.173005	4
454	-0.857394	0.723944	0.008657	0.210148	3
455	-0.849532	0.785621	0.008632	0.161920	3
456	-0.859893	0.521513	0.008738	0.227115	3
457	-0.866307	1.412053	0.008391	0.269329	3
458	-0.859643	2.350140	0.008054	0.244265	4
459	-0.864771	2.973191	0.007844	0.185426	4
460	-0.878184	3.973189	0.007530	0.136327	4
461	-0.882802	3.599245	0.007645	0.303129	2
462	-0.855485	4.279321	0.007439	0.236921	3
463	-0.858624	3.920179	0.007546	0.212695	4
464	-0.858291	3.546234	0.007661	0.182528	2
465	-0.858133	3.172290	0.007780	0.271767	4
466	-0.875709	2.798346	0.007902	0.131441	5
467	-0.846414	2.424401	0.008028	0.160668	5
468	-0.868396	2.050516	0.008158	0.225408	5
469	-0.852262	3.005656	0.007834	0.144656	3
470	-0.873449	3.207650	0.007768	0.157287	3
471	-0.858376	2.833821	0.007890	0.282267	4
472	-0.881474	2.459877	0.008016	0.166543	2
473	-0.868553	3.459877	0.007688	0.222229	1
474	-0.873733	3.907329	0.007550	0.133735	3
475	-0.862756	4.038752	0.007511	0.249857	5
476	-0.858515	5.038752	0.007222	0.126583	6
477	-0.875238	4.664807	0.007327	0.191063	3
478	-0.836860	4.290961	0.007436	0.151443	3
479	-0.864886	3.918090	0.007547	0.241013	4
480	-0.856195	4.151198	0.007477	0.279134	4
481	-0.855360	3.777253	0.007590	0.246327	1
482	-0.878732	3.403309	0.007706	0.163801	2
483	-0.880241	3.029364	0.007826	0.117870	2
484	-0.875504	2.861083	0.007881	0.114236	3
485	-0.859627	3.654368	0.007628	0.183694	5
486	-0.848819	3.280529	0.007745	0.251942	5
487	-0.859444	2.906585	0.007866	0.246723	2
488	-0.871202	2.532655	0.007991	0.215144	5
489	-0.840478	2.158710	0.008120	0.132271	2
490	-0.851844	1.785109	0.008253	0.196528	4
491	-0.859980	2.621896	0.007961	0.290561	4
492	-0.856471	2.248494	0.008089	0.263059	2
493	-0.863473	1.874565	0.008221	0.191600	4
494	-0.855119	1.500621	0.008358	0.185014	4
495	-0.877231	1.127165	0.008499	0.129738	5
496	-0.864415	1.752089	0.008265	0.171230	6
497	-0.855801	2.346018	0.008055	0.141472	2
498	-0.864713	3.085660	0.007808	0.195921	5
499	-0.866387	2.711715	0.007931	0.161242	3
