1:ItNr	2:Metric	2:Metric0	2:Metric1	3a:Time	3b:StepSize	4:||Gradient0||	4:||Gradient1||	4:||Gradient||	Time0[ms]	Time1[ms]	Time[ms]
0	-0.723378	-0.735817	0.062193	0.000000	2.126876	0.160823	0.065622	0.160948	11	71	112847
1	-0.719430	-0.732093	0.063316	0.000000	2.126876	0.147977	0.067552	0.148090	31	123	158
2	-0.762460	-0.775379	0.064594	0.000000	2.126876	0.159932	0.068026	0.159831	35	115	154
3	-0.703877	-0.716389	0.062560	0.999823	2.030216	0.157057	0.065762	0.157607	17	45	66
4	-0.702749	-0.715653	0.064524	1.996644	1.942214	0.156232	0.067375	0.156100	7	50	61
5	-0.729832	-0.743017	0.065922	1.021905	2.028181	0.180932	0.066822	0.180856	7	44	55
6	-0.755997	-0.769383	0.066933	2.008128	1.941245	0.167377	0.068675	0.167253	7	55	66
7	-0.714667	-0.727172	0.062526	3.008128	1.860387	0.178424	0.065916	0.178384	8	43	55
8	-0.744693	-0.758090	0.066984	4.008128	1.785995	0.195402	0.067960	0.195446	7	54	65
9	-0.751539	-0.765905	0.071828	3.033388	1.858431	0.169755	0.072497	0.169995	8	45	57
10	-0.767788	-0.781489	0.068503	4.033361	1.784195	0.187097	0.070644	0.187329	8	53	65
11	-0.745969	-0.759482	0.067566	5.033361	1.715660	0.207492	0.069233	0.207530	8	47	59
12	-0.725288	-0.739085	0.068987	4.058621	1.782397	0.193062	0.069407	0.193100	11	93	108
13	-0.744696	-0.759189	0.072464	5.058621	1.713997	0.149303	0.071535	0.149454	37	120	161
14	-0.772449	-0.785959	0.067552	6.058621	1.650653	0.174846	0.069054	0.175402	14	97	135
15	-0.732413	-0.746372	0.069796	5.083881	1.712337	0.142567	0.070731	0.143120	8	62	74
16	-0.737268	-0.751498	0.071150	4.804251	1.730893	0.175767	0.071304	0.176046	8	118	130
17	-0.766848	-0.780788	0.069701	5.804251	1.666318	0.198370	0.070991	0.198505	62	175	260
18	-0.730263	-0.744318	0.070273	6.804227	1.606389	0.174965	0.070652	0.174744	34	78	117
19	-0.699710	-0.713454	0.068716	6.036182	1.652023	0.140397	0.071122	0.140827	7	47	58
20	-0.762872	-0.777173	0.071507	5.061443	1.713812	0.145039	0.072170	0.145116	7	46	58
21	-0.743271	-0.757382	0.070556	4.086703	1.780401	0.188846	0.072363	0.189223	8	45	58
22	-0.733520	-0.748218	0.073491	3.141572	1.850103	0.166777	0.072196	0.166873	8	53	65
23	-0.711946	-0.726032	0.070426	4.141572	1.776516	0.173301	0.072145	0.173718	7	68	79
24	-0.720555	-0.735387	0.074158	3.166833	1.848169	0.166761	0.073190	0.167452	10	47	63
25	-0.725139	-0.739999	0.074302	4.166833	1.774733	0.163312	0.073128	0.163190	9	51	64
26	-0.722238	-0.737076	0.074189	5.166831	1.706909	0.173934	0.073061	0.174316	7	45	57
27	-0.691308	-0.705221	0.069567	6.166831	1.644078	0.170802	0.070776	0.171317	7	53	64
28	-0.693193	-0.707590	0.071987	5.192091	1.705263	0.170545	0.072505	0.170714	8	46	57
29	-0.725485	-0.740209	0.073620	4.217352	1.771177	0.171144	0.072898	0.170798	9	73	86
30	-0.690164	-0.704712	0.072742	5.217350	1.703620	0.150749	0.073303	0.150764	33	114	152
31	-0.723399	-0.738496	0.075486	4.242611	1.769405	0.162367	0.073988	0.162218	58	51	112
32	-0.746561	-0.761795	0.076169	3.267873	1.840475	0.184525	0.074543	0.184540	12	68	84
33	-0.694206	-0.709355	0.075744	4.267873	1.767636	0.152741	0.075383	0.153303	8	54	66
34	-0.715122	-0.729259	0.070684	3.313980	1.836984	0.159853	0.071139	0.159635	8	53	65
35	-0.714068	-0.729665	0.077988	2.353504	1.912535	0.147043	0.078270	0.147598	8	54	66
36	-0.753870	-0.769525	0.078276	3.129381	1.851038	0.172551	0.076766	0.172545	7	45	56
37	-0.725086	-0.740795	0.078541	2.154642	1.928961	0.185676	0.076966	0.185163	10	45	60
38	-0.696534	-0.711741	0.076035	1.179902	2.013733	0.151284	0.075383	0.151519	8	47	59
39	-0.705458	-0.721388	0.079651	2.179902	1.926859	0.155732	0.078287	0.155888	10	70	85
40	-0.728622	-0.744833	0.081054	3.179854	1.847174	0.157649	0.077914	0.158078	34	121	159
41	-0.714835	-0.730257	0.077113	4.179854	1.773815	0.144580	0.076982	0.145297	28	84	118
42	-0.741998	-0.758028	0.080151	3.205162	1.845243	0.190575	0.076856	0.190313	7	44	55
43	-0.706572	-0.722202	0.078150	2.230422	1.922669	0.155569	0.076048	0.155370	8	54	67
44	-0.725056	-0.740659	0.078019	3.230422	1.843319	0.175040	0.076791	0.174804	7	48	58
45	-0.754290	-0.770403	0.080563	2.255683	1.920580	0.157926	0.078665	0.158197	8	46	58
46	-0.727598	-0.743929	0.081652	3.250937	1.841760	0.167407	0.077846	0.167918	8	52	63
47	-0.701631	-0.718329	0.083489	2.276208	1.918887	0.166557	0.082007	0.167068	8	44	57
48	-0.761706	-0.778735	0.085147	3.181908	1.847017	0.183742	0.079611	0.184043	7	52	64
49	-0.703068	-0.718723	0.078278	2.207169	1.924595	0.186914	0.076990	0.186723	8	45	57
50	-0.717587	-0.734809	0.086110	3.207169	1.845090	0.177613	0.081759	0.177410	8	52	65
51	-0.732972	-0.750359	0.086932	2.232466	1.922499	0.168753	0.082782	0.169325	9	43	56
52	-0.724704	-0.741154	0.082252	1.259225	2.006557	0.159999	0.078110	0.161219	8	51	62
53	-0.729931	-0.746972	0.085204	0.284502	2.098447	0.165189	0.079641	0.165267	8	47	59
54	-0.710263	-0.727146	0.084411	0.000000	2.126876	0.155024	0.079531	0.154729	11	48	63
55	-0.727122	-0.743872	0.083748	0.000000	2.126876	0.181479	0.080133	0.181267	9	118	131
56	-0.729623	-0.746877	0.086272	0.000000	2.126876	0.144629	0.080513	0.145416	33	98	136
57	-0.700185	-0.717371	0.085929	0.999995	2.030201	0.179477	0.081273	0.180040	27	51	82
58	-0.749892	-0.767468	0.087880	0.025256	2.124321	0.163811	0.082628	0.164246	8	54	66
59	-0.717665	-0.734717	0.085260	1.025256	2.027872	0.196940	0.080679	0.196656	9	91	104
60	-0.713026	-0.731218	0.090957	2.025256	1.939800	0.164419	0.084952	0.165227	10	169	206
61	-0.736522	-0.754602	0.090400	1.050516	2.025549	0.149502	0.082858	0.149604	34	158	196
62	-0.769326	-0.787201	0.089373	2.050516	1.937675	0.143195	0.082622	0.143841	15	116	153
63	-0.754893	-0.772210	0.086585	1.075777	2.023231	0.175821	0.080446	0.175956	13	127	167
64	-0.727764	-0.745839	0.090376	2.075777	1.935554	0.179113	0.084855	0.179671	58	173	235
65	-0.735322	-0.753867	0.092723	1.125614	2.018674	0.131802	0.084236	0.132103	31	177	234
66	-0.718774	-0.737070	0.091479	1.894128	1.950911	0.175143	0.084478	0.175214	30	145	179
67	-0.715134	-0.732708	0.087869	0.919388	2.037666	0.187976	0.081614	0.188411	42	162	234
68	-0.689159	-0.706771	0.088062	0.000000	2.126876	0.145577	0.081730	0.145783	32	86	123
69	-0.742691	-0.761241	0.092748	0.994207	2.030735	0.158342	0.086351	0.159415	33	149	186
70	-0.697244	-0.714895	0.088256	0.023949	2.124453	0.185743	0.082411	0.185733	59	171	234
71	-0.729136	-0.747427	0.091453	1.023936	2.027994	0.190233	0.082775	0.190293	32	141	196
72	-0.716220	-0.734798	0.092886	2.023904	1.939914	0.168143	0.084542	0.168560	35	111	150
73	-0.753533	-0.772049	0.092580	1.092888	2.021664	0.160284	0.084412	0.160155	38	134	196
74	-0.761502	-0.781727	0.101123	2.070673	1.935982	0.178234	0.089645	0.178476	25	61	91
75	-0.703910	-0.722915	0.095023	1.095963	2.021383	0.132861	0.085745	0.133186	8	53	65
76	-0.694442	-0.712437	0.089978	2.095963	1.933862	0.175118	0.082382	0.175524	8	46	58
77	-0.770276	-0.788018	0.088711	3.095852	1.853614	0.153151	0.081448	0.153481	7	57	68
78	-0.722906	-0.742057	0.095755	2.121116	1.931758	0.158839	0.084917	0.158436	8	43	55
79	-0.730162	-0.748514	0.091761	1.146376	2.016782	0.176488	0.083475	0.176377	16	44	66
80	-0.736507	-0.755195	0.093437	2.146376	1.929650	0.190740	0.083959	0.190790	8	51	63
81	-0.677208	-0.696465	0.096287	3.146376	1.849735	0.167053	0.086327	0.167850	9	46	60
82	-0.740678	-0.759049	0.091857	4.146376	1.776176	0.173471	0.082266	0.174084	7	56	67
83	-0.745147	-0.764021	0.094372	5.146359	1.708246	0.218340	0.085673	0.218403	8	52	64
84	-0.696593	-0.715598	0.095023	4.171619	1.774395	0.151630	0.085074	0.151662	7	55	66
85	-0.746425	-0.765892	0.097338	5.171597	1.706598	0.159971	0.089070	0.160119	7	54	65
86	-0.725842	-0.745818	0.099880	6.048524	1.651269	0.168968	0.087477	0.169798	8	115	127
87	-0.752765	-0.772076	0.096556	7.048524	1.592398	0.163987	0.086831	0.165167	33	120	156
88	-0.751854	-0.771363	0.097547	6.165139	1.644181	0.182797	0.088220	0.183304	12	55	71
89	-0.699455	-0.717690	0.091177	5.190399	1.705373	0.154129	0.083020	0.154327	8	46	58
90	-0.757019	-0.775569	0.092750	4.215748	1.771290	0.156482	0.083219	0.157308	8	51	63
91	-0.763505	-0.783046	0.097706	5.215747	1.703724	0.175447	0.089277	0.175315	7	45	55
92	-0.761703	-0.781623	0.099600	6.215747	1.641123	0.170767	0.088476	0.170942	12	45	61
93	-0.744950	-0.764916	0.099833	7.215747	1.582960	0.157346	0.088571	0.157905	7	51	61
94	-0.711669	-0.731424	0.098774	8.215747	1.528778	0.165218	0.088167	0.165609	10	45	59
95	-0.725889	-0.746057	0.100840	9.215747	1.478183	0.169662	0.087948	0.169987	8	53	65
96	-0.761009	-0.781944	0.104678	10.215747	1.430829	0.180526	0.091674	0.181053	9	123	135
97	-0.733167	-0.753762	0.102974	11.215747	1.386415	0.196056	0.091288	0.196345	33	149	186
98	-0.701217	-0.721031	0.099069	10.241007	1.429672	0.172593	0.087157	0.172584	13	74	91
99	-0.701638	-0.720905	0.096335	9.266267	1.475716	0.199602	0.086324	0.199913	8	121	133
100	-0.732603	-0.753343	0.103700	10.216574	1.430791	0.148648	0.091105	0.147982	33	171	209
101	-0.722699	-0.741654	0.094773	9.250020	1.476508	0.181940	0.085571	0.182113	10	46	61
102	-0.696925	-0.716383	0.097287	8.275280	1.525670	0.139079	0.085338	0.139211	7	48	59
103	-0.708296	-0.728648	0.101758	7.303082	1.578076	0.190790	0.089737	0.191395	8	46	58
104	-0.756542	-0.775894	0.096761	6.328342	1.634362	0.182568	0.085209	0.183374	8	51	65
105	-0.739478	-0.759849	0.101854	5.353602	1.694812	0.164257	0.088053	0.164900	10	45	60
106	-0.724254	-0.744754	0.102498	6.353602	1.632853	0.190946	0.089758	0.191851	7	51	62
107	-0.712464	-0.732039	0.097876	7.353602	1.575264	0.157230	0.086597	0.157825	8	45	57
108	-0.741042	-0.760204	0.095813	8.353602	1.521599	0.164336	0.084146	0.164888	8	51	63
109	-0.756561	-0.777172	0.103054	9.353602	1.471470	0.176871	0.089216	0.176637	7	43	55
110	-0.722916	-0.743246	0.101648	10.353602	1.424538	0.147408	0.088371	0.147472	11	46	61
111	-0.717208	-0.736331	0.095618	11.353602	1.380508	0.148928	0.086074	0.149574	8	43	56
112	-0.741284	-0.762074	0.103947	10.380055	1.423337	0.165476	0.090858	0.166134	10	46	60
113	-0.735796	-0.755479	0.098415	11.380053	1.379380	0.165813	0.087219	0.166141	7	52	62
114	-0.751282	-0.772302	0.105101	12.379273	1.338088	0.180369	0.091743	0.180863	7	45	56
115	-0.755337	-0.775407	0.100352	11.404533	1.378338	0.175765	0.087690	0.176200	8	51	63
116	-0.752291	-0.773596	0.106527	10.429794	1.421085	0.172034	0.092611	0.172454	8	45	57
117	-0.702649	-0.723458	0.104044	9.455056	1.466568	0.215863	0.089484	0.216456	8	58	70
118	-0.738460	-0.759192	0.103658	10.454571	1.419965	0.171488	0.088912	0.171689	9	89	102
119	-0.733403	-0.753456	0.100269	9.479831	1.465376	0.155211	0.086945	0.155704	8	104	116
120	-0.717100	-0.737631	0.102651	8.505092	1.513786	0.173177	0.089587	0.173326	7	168	199
121	-0.721807	-0.742244	0.102185	9.505092	1.464162	0.157111	0.087381	0.157907	11	146	166
122	-0.716186	-0.737572	0.106931	9.420339	1.468241	0.161600	0.092458	0.162112	7	56	67
123	-0.704007	-0.724470	0.102313	10.420339	1.421512	0.151075	0.090772	0.150632	9	45	58
124	-0.735768	-0.756018	0.101253	11.420339	1.377666	0.175989	0.088829	0.176527	7	56	66
125	-0.773323	-0.795687	0.111816	12.420339	1.336444	0.167400	0.094869	0.168362	8	46	59
126	-0.731060	-0.751888	0.104142	11.445599	1.376594	0.143628	0.090637	0.144107	11	70	85
127	-0.734239	-0.753929	0.098451	12.445592	1.335435	0.189067	0.085400	0.189162	38	116	158
128	-0.717272	-0.737405	0.100662	11.470852	1.375523	0.153787	0.087456	0.154414	56	122	183
129	-0.703801	-0.723227	0.097131	10.496190	1.418089	0.169279	0.086369	0.169822	37	117	157
130	-0.725516	-0.745316	0.098997	9.521479	1.463376	0.171735	0.085827	0.171838	10	45	61
131	-0.722759	-0.742879	0.100598	8.546740	1.511652	0.178116	0.088508	0.178336	8	53	68
132	-0.732653	-0.753082	0.102144	9.546735	1.462166	0.157496	0.087879	0.157901	7	47	58
133	-0.719121	-0.740483	0.106812	10.546735	1.415817	0.158655	0.092547	0.159205	8	52	64
134	-0.723542	-0.745638	0.110483	9.571999	1.460958	0.163305	0.092495	0.164051	7	46	57
135	-0.736618	-0.758961	0.111715	10.571878	1.414689	0.199419	0.095671	0.199915	10	47	61
136	-0.726719	-0.747639	0.104600	11.571591	1.371269	0.169962	0.089498	0.170726	8	55	68
137	-0.762429	-0.784109	0.108402	12.571591	1.330423	0.158972	0.093109	0.159303	8	47	59
138	-0.715760	-0.737168	0.107039	12.034380	1.352058	0.170405	0.089679	0.170589	7	52	63
139	-0.712750	-0.733406	0.103279	11.059641	1.393166	0.188561	0.089392	0.189480	9	47	60
140	-0.743907	-0.764398	0.102456	10.084901	1.436852	0.153792	0.089683	0.154734	8	50	63
141	-0.745630	-0.765483	0.099269	9.110161	1.483366	0.161428	0.089420	0.161403	7	45	57
142	-0.723125	-0.743945	0.104098	10.110161	1.435685	0.167966	0.090704	0.168581	12	46	62
143	-0.721764	-0.742069	0.101529	11.110161	1.390974	0.151318	0.086700	0.151076	9	50	63
144	-0.727289	-0.746327	0.095194	12.110161	1.348964	0.148361	0.085898	0.149231	9	44	57
145	-0.742722	-0.763677	0.104774	11.652172	1.367885	0.188093	0.088914	0.188243	7	50	61
146	-0.714693	-0.735273	0.102900	12.652172	1.327237	0.177101	0.089585	0.177587	7	44	56
147	-0.700484	-0.720246	0.098809	11.677432	1.366827	0.158106	0.087258	0.158581	8	53	65
148	-0.734378	-0.755585	0.106038	12.421078	1.336414	0.182402	0.092485	0.183220	7	47	58
149	-0.723596	-0.743766	0.100853	11.446339	1.376562	0.142676	0.088151	0.142843	8	56	68
150	-0.701278	-0.722051	0.103865	10.471599	1.419197	0.156229	0.089501	0.156500	7	45	57
151	-0.699884	-0.721036	0.105757	11.471599	1.375491	0.151136	0.092953	0.151820	11	44	59
152	-0.726804	-0.747725	0.104606	10.496859	1.418059	0.140185	0.090562	0.140330	7	48	58
153	-0.732356	-0.752665	0.101548	10.365655	1.423991	0.161844	0.089506	0.162084	9	44	57
154	-0.727005	-0.748026	0.105107	11.365655	1.379994	0.176571	0.090977	0.176848	8	54	68
155	-0.724860	-0.745762	0.104513	10.391125	1.422835	0.162438	0.091013	0.161674	7	43	54
156	-0.717460	-0.738182	0.103611	11.391122	1.378909	0.160354	0.089928	0.160567	7	54	65
157	-0.745903	-0.768178	0.111378	12.391122	1.337613	0.171238	0.095324	0.171556	7	45	56
158	-0.701504	-0.721639	0.100676	11.416382	1.377834	0.168818	0.088251	0.168720	8	55	66
159	-0.724723	-0.745891	0.105842	10.441649	1.420549	0.162513	0.090324	0.162615	7	46	57
160	-0.726995	-0.749413	0.112087	11.283821	1.383492	0.170570	0.096005	0.171272	15	53	71
161	-0.753448	-0.773769	0.101604	12.283821	1.341925	0.156272	0.087166	0.156715	9	97	110
162	-0.688157	-0.709037	0.104401	13.172736	1.307019	0.174176	0.090698	0.174837	8	79	91
163	-0.719958	-0.741716	0.108790	14.172598	1.269864	0.176483	0.094286	0.176618	36	151	191
164	-0.739650	-0.761328	0.108392	13.197858	1.306058	0.159831	0.091178	0.159269	38	126	186
165	-0.737124	-0.757611	0.102432	14.197858	1.268952	0.171725	0.089711	0.172157	61	77	163
166	-0.756020	-0.778117	0.110484	13.926302	1.278819	0.164655	0.092971	0.165649	29	179	212
167	-0.716674	-0.738113	0.107194	12.951562	1.315533	0.156566	0.092276	0.156893	14	79	116
168	-0.704997	-0.725516	0.102595	13.935783	1.278471	0.151603	0.089610	0.152198	8	46	58
169	-0.723257	-0.744944	0.108433	14.935783	1.242895	0.164917	0.092691	0.165369	8	52	64
170	-0.738114	-0.759689	0.107879	13.968605	1.277271	0.172138	0.092328	0.172206	8	46	58
171	-0.741523	-0.762485	0.104814	14.968595	1.241761	0.150343	0.091306	0.151072	10	46	60
172	-0.703777	-0.725187	0.107046	15.968595	1.208171	0.147512	0.092256	0.147948	10	53	68
173	-0.717355	-0.738977	0.108109	16.967427	1.176387	0.185838	0.093537	0.185816	7	47	58
174	-0.746738	-0.768791	0.110262	15.992687	1.207385	0.148110	0.094719	0.148182	8	53	65
175	-0.716306	-0.738392	0.110431	15.017947	1.240060	0.176996	0.094324	0.177951	7	47	58
176	-0.736829	-0.757976	0.105737	14.043226	1.274552	0.141332	0.090825	0.141497	8	52	64
177	-0.703050	-0.723652	0.103008	15.043224	1.239190	0.161854	0.089891	0.162370	8	45	57
178	-0.744178	-0.765208	0.105150	15.543038	1.222241	0.147650	0.090022	0.147839	12	48	64
179	-0.750414	-0.772645	0.111153	16.543023	1.189686	0.179274	0.092098	0.178782	8	50	62
180	-0.753026	-0.775517	0.112453	17.543023	1.158819	0.178192	0.095762	0.178315	7	46	58
181	-0.732115	-0.752204	0.100446	18.543023	1.129514	0.178999	0.087657	0.180064	7	54	65
182	-0.701930	-0.723953	0.110117	17.568283	1.158060	0.148704	0.092942	0.148862	8	45	57
183	-0.752030	-0.772771	0.103704	18.568217	1.128795	0.153464	0.089960	0.153763	8	54	66
184	-0.721544	-0.742340	0.103978	17.593479	1.157304	0.150329	0.088319	0.150715	7	48	59
185	-0.729553	-0.750296	0.103712	16.618739	1.187291	0.166171	0.088994	0.166938	8	51	62
186	-0.755412	-0.776158	0.103728	15.643999	1.218874	0.150062	0.089773	0.150469	7	45	56
187	-0.718198	-0.740001	0.109011	14.669260	1.252182	0.175470	0.092123	0.176104	11	45	60
188	-0.730969	-0.753392	0.112115	13.694520	1.287362	0.177417	0.097401	0.178031	8	46	58
189	-0.711433	-0.733350	0.109583	12.719780	1.324576	0.180328	0.093784	0.179934	9	45	58
190	-0.756265	-0.779131	0.114335	13.684302	1.287741	0.165727	0.095498	0.166247	8	52	65
191	-0.742433	-0.763015	0.102911	14.684302	1.251654	0.152076	0.091813	0.152552	8	44	56
192	-0.748329	-0.770439	0.110553	15.684302	1.217534	0.195184	0.093114	0.195711	8	53	64
193	-0.739898	-0.762059	0.110804	14.709564	1.250769	0.166864	0.091741	0.167774	7	45	56
194	-0.716207	-0.737165	0.104790	15.709564	1.216697	0.169285	0.089279	0.169400	7	52	63
195	-0.753406	-0.776623	0.116084	14.734824	1.249884	0.156316	0.097356	0.157229	8	48	60
196	-0.744612	-0.765653	0.105207	13.760084	1.284934	0.184900	0.090200	0.184978	10	95	108
197	-0.715603	-0.736601	0.104990	14.760084	1.249002	0.148056	0.090710	0.148612	12	179	195
198	-0.715008	-0.735678	0.103352	15.760084	1.215024	0.156965	0.087791	0.157112	61	119	185
199	-0.707570	-0.729622	0.110260	16.760084	1.182847	0.156545	0.092119	0.157197	33	102	139
200	-0.669626	-0.691742	0.110577	17.760084	1.152330	0.149089	0.095107	0.148973	40	49	92
201	-0.757362	-0.779299	0.109684	18.760084	1.123348	0.161374	0.093433	0.161440	8	46	58
202	-0.781286	-0.803652	0.111829	17.785344	1.151579	0.175089	0.093322	0.175154	9	44	57
203	-0.723801	-0.745925	0.110621	18.785344	1.122635	0.161813	0.095037	0.162747	7	49	60
204	-0.737858	-0.760874	0.115082	19.785344	1.095109	0.184137	0.094666	0.183578	9	48	62
205	-0.725879	-0.746480	0.103006	20.785344	1.068901	0.171702	0.087916	0.171152	8	71	105
206	-0.728545	-0.750866	0.111604	21.785344	1.043918	0.159914	0.093210	0.160243	32	123	159
207	-0.721702	-0.743348	0.108231	22.785344	1.020077	0.163243	0.092539	0.163584	11	45	60
208	-0.742148	-0.764712	0.112820	21.810605	1.043302	0.155378	0.095710	0.155093	7	50	62
209	-0.741992	-0.764139	0.110731	22.810605	1.019488	0.162672	0.091537	0.163123	7	46	57
210	-0.749698	-0.771223	0.107623	21.835865	1.042687	0.161930	0.090964	0.161921	7	56	67
211	-0.712469	-0.734194	0.108625	20.861125	1.066966	0.153302	0.093485	0.154232	8	51	63
212	-0.734150	-0.756607	0.112284	21.861125	1.042073	0.186815	0.094861	0.187342	13	135	151
213	-0.723839	-0.745098	0.106295	22.861125	1.018314	0.164716	0.090406	0.165487	39	106	168
214	-0.726098	-0.747851	0.108767	23.861125	0.995615	0.163357	0.092948	0.163770	13	53	70
215	-0.702678	-0.723607	0.104644	22.887073	1.017712	0.162216	0.088920	0.162227	32	102	159
216	-0.731834	-0.753164	0.106651	23.887073	0.995039	0.183282	0.090380	0.183273	33	103	141
217	-0.711829	-0.732861	0.105162	24.875474	0.973601	0.173404	0.091951	0.173797	34	146	188
218	-0.724504	-0.746554	0.110250	23.900868	0.994734	0.160863	0.093670	0.161252	37	49	91
219	-0.733460	-0.756371	0.114558	24.900868	0.973062	0.158965	0.094719	0.159985	7	53	64
220	-0.757757	-0.780749	0.114961	23.926147	0.994174	0.173839	0.095385	0.174020	8	46	59
221	-0.725316	-0.748380	0.115322	22.951407	1.016222	0.185223	0.095624	0.185993	8	53	65
222	-0.732983	-0.755412	0.112143	21.976667	1.039271	0.151206	0.093365	0.151880	8	49	61
223	-0.736381	-0.757214	0.104168	21.013316	1.063101	0.147170	0.089547	0.147940	9	71	85
224	-0.708018	-0.728979	0.104801	22.013316	1.038385	0.179628	0.090753	0.179517	58	123	185
225	-0.720129	-0.741053	0.104617	21.038576	1.062462	0.173312	0.089624	0.173302	34	103	142
226	-0.735618	-0.758047	0.112146	20.085994	1.087096	0.186204	0.094271	0.186567	108	123	235
227	-0.725651	-0.747638	0.109931	21.085994	1.061265	0.171086	0.091306	0.171222	62	143	209
228	-0.731706	-0.753132	0.107128	22.085994	1.036634	0.176232	0.090551	0.176064	37	114	156
229	-0.724713	-0.746359	0.108231	23.085994	1.013120	0.180367	0.091784	0.180599	32	108	144
230	-0.745326	-0.767815	0.112448	24.071645	0.990965	0.164283	0.093708	0.164643	62	121	187
231	-0.731001	-0.753350	0.111745	23.096905	1.012869	0.171173	0.093454	0.171722	43	105	170
232	-0.691975	-0.714310	0.111674	23.946871	0.993715	0.142676	0.093474	0.142922	40	144	190
233	-0.746152	-0.768975	0.114116	22.972132	1.015743	0.168190	0.095131	0.168704	33	77	115
234	-0.710334	-0.732733	0.111998	23.972132	0.993157	0.144473	0.094525	0.145009	7	53	65
235	-0.753545	-0.775918	0.111868	22.997392	1.015160	0.175653	0.095350	0.175514	7	46	58
236	-0.727645	-0.750412	0.113834	22.181961	1.034330	0.154193	0.094647	0.154807	8	54	67
237	-0.734624	-0.757192	0.112840	21.207221	1.058217	0.137720	0.094571	0.137662	7	46	58
238	-0.732480	-0.754835	0.111775	22.175779	1.034478	0.169431	0.096474	0.169788	13	48	66
239	-0.729538	-0.751384	0.109233	23.175779	1.011061	0.150232	0.092862	0.150428	7	51	62
240	-0.753196	-0.774748	0.107758	22.395281	1.029246	0.156393	0.093225	0.157215	8	45	57
241	-0.757170	-0.779211	0.110204	23.395281	1.006062	0.167108	0.091618	0.166914	7	49	60
242	-0.751970	-0.774619	0.113246	22.420541	1.028647	0.178514	0.094419	0.178596	7	46	57
243	-0.732059	-0.753225	0.105831	21.445801	1.052269	0.161460	0.089366	0.162089	8	52	64
244	-0.747312	-0.769115	0.109016	22.445801	1.028049	0.165652	0.091462	0.166403	8	99	130
245	-0.730282	-0.751279	0.104983	21.471062	1.051643	0.164108	0.089740	0.165112	33	120	160
246	-0.741386	-0.763799	0.112063	20.496322	1.076346	0.173203	0.094129	0.174171	33	114	151
247	-0.719907	-0.741552	0.108222	19.521582	1.102237	0.190897	0.092812	0.191223	10	48	63
248	-0.737095	-0.758332	0.106184	18.546843	1.129405	0.166392	0.089501	0.166357	8	53	64
249	-0.752529	-0.774748	0.111094	17.572103	1.157946	0.177505	0.092878	0.177904	8	44	58
250	-0.718983	-0.741235	0.111260	18.572103	1.128684	0.194849	0.093937	0.193909	9	48	61
251	-0.723755	-0.745701	0.109730	17.597364	1.157188	0.158694	0.092644	0.159605	9	44	57
252	-0.737259	-0.759034	0.108878	18.399603	1.133626	0.146728	0.091181	0.147388	11	45	60
253	-0.757155	-0.778999	0.109221	17.424863	1.162383	0.168622	0.091659	0.168712	8	47	59
254	-0.712369	-0.734734	0.111827	16.450124	1.192637	0.174353	0.093072	0.174554	7	46	57
255	-0.723229	-0.745805	0.112881	15.475384	1.224508	0.171441	0.092911	0.171084	5	64	74
256	-0.752681	-0.775889	0.116039	14.500644	1.258129	0.166278	0.096390	0.166144	8	45	57
257	-0.702696	-0.725086	0.111948	15.500642	1.223661	0.162168	0.093865	0.162881	7	55	67
258	-0.707954	-0.729943	0.109946	16.500642	1.191030	0.161087	0.093914	0.160965	8	46	58
259	-0.699273	-0.720503	0.106150	15.525902	1.222814	0.155271	0.090499	0.155084	10	48	61
260	-0.741116	-0.763064	0.109741	14.551163	1.256342	0.165676	0.093621	0.166096	8	44	56
261	-0.728990	-0.750435	0.107228	14.605913	1.254410	0.175348	0.091254	0.175825	11	45	60
262	-0.744371	-0.768134	0.118818	15.605913	1.220142	0.165071	0.097037	0.165076	7	49	60
263	-0.726993	-0.749504	0.112555	14.915718	1.243589	0.180957	0.096331	0.181425	10	71	85
264	-0.733726	-0.755144	0.107090	15.915304	1.209916	0.167983	0.089949	0.167957	36	88	132
265	-0.753314	-0.774881	0.107832	16.915304	1.178005	0.187438	0.092961	0.188211	34	132	172
266	-0.718817	-0.741223	0.112031	16.777660	1.182297	0.155310	0.094530	0.155320	39	149	193
267	-0.728745	-0.751286	0.112704	17.777660	1.151808	0.165642	0.093729	0.166661	34	174	212
268	-0.742663	-0.764968	0.111526	16.802920	1.181507	0.151458	0.093910	0.152026	39	149	193
269	-0.709600	-0.731128	0.107642	17.328357	1.165310	0.164974	0.091899	0.165030	57	124	186
270	-0.727652	-0.750197	0.112725	18.328357	1.135679	0.178524	0.092530	0.178853	33	81	118
271	-0.723840	-0.745248	0.107039	19.328357	1.107519	0.160165	0.090670	0.160766	9	51	64
272	-0.747242	-0.770468	0.116127	18.353620	1.134950	0.163106	0.097697	0.163053	7	46	59
273	-0.697887	-0.720996	0.115547	17.378880	1.163776	0.143151	0.096859	0.142691	8	55	68
274	-0.738074	-0.760572	0.112494	18.366213	1.134587	0.187022	0.094704	0.187670	8	68	80
275	-0.732497	-0.755462	0.114824	19.366208	1.106480	0.173244	0.093899	0.173806	10	68	81
276	-0.735455	-0.757422	0.109832	18.391468	1.133860	0.158702	0.093283	0.159451	15	72	91
277	-0.710198	-0.732990	0.113964	19.391460	1.105788	0.178758	0.093954	0.178710	10	145	177
278	-0.752875	-0.776906	0.120157	18.416720	1.133133	0.155715	0.097272	0.156063	36	126	166
279	-0.756329	-0.778838	0.112547	18.112624	1.141943	0.147071	0.094270	0.147926	59	121	184
280	-0.745121	-0.767635	0.112569	17.137884	1.171130	0.161441	0.092915	0.161858	33	128	165
281	-0.743171	-0.766150	0.114895	16.163144	1.201847	0.202533	0.096122	0.202503	43	159	234
282	-0.694868	-0.717027	0.110793	15.189726	1.234174	0.181836	0.092553	0.182259	34	109	147
283	-0.728996	-0.752612	0.118078	14.214986	1.268335	0.171294	0.097083	0.171488	9	48	60
284	-0.711123	-0.733701	0.112891	13.240246	1.304442	0.170029	0.093744	0.169883	9	47	61
285	-0.712605	-0.734627	0.110109	12.265507	1.342664	0.162767	0.091950	0.163068	7	55	66
286	-0.727281	-0.749411	0.110650	13.265469	1.303481	0.145575	0.091410	0.145840	8	48	60
287	-0.734111	-0.755802	0.108458	12.290730	1.341647	0.137091	0.090757	0.137739	8	53	65
288	-0.730830	-0.754042	0.116061	13.286729	1.302673	0.165426	0.096107	0.165071	9	48	61
289	-0.737222	-0.760113	0.114458	12.311995	1.340790	0.168725	0.095849	0.169676	10	49	62
290	-0.770436	-0.792757	0.111607	13.311995	1.301714	0.155319	0.095043	0.155384	8	71	83
291	-0.730046	-0.752734	0.113437	12.337256	1.339774	0.165903	0.092582	0.166493	33	151	192
292	-0.767276	-0.791311	0.120174	11.362516	1.380128	0.171317	0.098262	0.171129	56	149	210
293	-0.703880	-0.726712	0.114161	10.387776	1.422987	0.177608	0.093651	0.178199	16	49	71
294	-0.722013	-0.744984	0.114858	11.349658	1.380676	0.177094	0.093996	0.177318	7	54	66
295	-0.736234	-0.759483	0.116244	10.374918	1.423570	0.176339	0.093826	0.176776	7	45	56
296	-0.726219	-0.749637	0.117092	9.400613	1.469194	0.159627	0.094371	0.160046	7	52	64
297	-0.724762	-0.748491	0.118647	8.519616	1.513041	0.171649	0.098105	0.172391	8	48	60
298	-0.704942	-0.727335	0.111967	7.544876	1.564708	0.178113	0.095524	0.178742	8	55	67
299	-0.705895	-0.728689	0.113970	8.544876	1.511748	0.176308	0.094698	0.175855	9	47	59
300	-0.714084	-0.736378	0.111468	9.544876	1.462255	0.180163	0.094046	0.180267	10	46	60
301	-0.714870	-0.737435	0.112827	10.544876	1.415900	0.167240	0.094146	0.167325	8	57	69
302	-0.759213	-0.782670	0.117282	11.544876	1.372394	0.156568	0.096990	0.157524	31	179	214
303	-0.716124	-0.738640	0.112580	12.544876	1.331482	0.184217	0.093311	0.183752	34	167	206
304	-0.738696	-0.762441	0.118723	11.570141	1.371330	0.155357	0.097990	0.155667	31	76	111
305	-0.708422	-0.731321	0.114496	10.689575	1.409435	0.149367	0.094369	0.150207	13	47	64
306	-0.710352	-0.733163	0.114053	9.720516	1.453895	0.196029	0.094521	0.196699	8	54	66
307	-0.760646	-0.784890	0.121220	8.745776	1.501538	0.161028	0.097233	0.162118	8	44	57
308	-0.753393	-0.776786	0.116962	9.745776	1.452700	0.181448	0.094855	0.181753	8	56	68
309	-0.747256	-0.770657	0.117002	10.745776	1.406940	0.167399	0.095699	0.166518	8	125	157
310	-0.734574	-0.758438	0.119323	9.771037	1.451508	0.161063	0.095897	0.161528	57	122	182
311	-0.737984	-0.761424	0.117200	8.796297	1.498992	0.159263	0.094249	0.159408	34	159	219
312	-0.740690	-0.762239	0.107749	9.796246	1.450320	0.157119	0.090778	0.157547	33	137	180
313	-0.749876	-0.773976	0.120499	10.587130	1.414006	0.178453	0.097321	0.179209	38	169	212
314	-0.768392	-0.793411	0.125092	9.665471	1.456505	0.188392	0.101239	0.188319	14	53	90
315	-0.725577	-0.748622	0.115225	8.707907	1.503452	0.161885	0.095483	0.162242	9	121	147
316	-0.737176	-0.760082	0.114533	9.707907	1.454492	0.166872	0.093741	0.167376	38	174	222
317	-0.751586	-0.775139	0.117765	10.707907	1.408620	0.176525	0.097026	0.177005	13	147	186
318	-0.737723	-0.760347	0.113119	11.707907	1.365554	0.187034	0.092880	0.186929	56	73	134
319	-0.717402	-0.739863	0.112306	12.693103	1.325624	0.181752	0.092543	0.181347	8	44	56
320	-0.722691	-0.746460	0.118844	11.718363	1.365117	0.159880	0.098153	0.160403	7	46	58
321	-0.739350	-0.762591	0.116202	10.750241	1.406742	0.181571	0.095370	0.182567	8	45	57
322	-0.717755	-0.741967	0.121061	10.199423	1.431578	0.161130	0.098889	0.161021	8	57	69
323	-0.742348	-0.766459	0.120554	11.199423	1.387118	0.203112	0.099915	0.203494	8	48	60
324	-0.709502	-0.733734	0.121161	10.224684	1.430420	0.167423	0.096448	0.167640	7	57	69
325	-0.735701	-0.759358	0.118286	9.250167	1.476501	0.161689	0.095993	0.161283	7	45	56
326	-0.734065	-0.757433	0.116838	8.282124	1.525313	0.158924	0.095529	0.159452	11	48	63
327	-0.746174	-0.771225	0.125258	9.233403	1.477320	0.157178	0.100555	0.157540	9	96	131
328	-0.713088	-0.737299	0.121052	10.233403	1.430020	0.182639	0.099790	0.182824	34	123	161
329	-0.743245	-0.768297	0.125264	9.258663	1.476086	0.178698	0.100057	0.178227	33	143	180
330	-0.732365	-0.755196	0.114158	10.258663	1.428865	0.153804	0.094341	0.153475	11	59	78
331	-0.753466	-0.777829	0.121814	11.258663	1.384571	0.157143	0.098569	0.157944	10	53	67
332	-0.722895	-0.747048	0.120762	12.258663	1.342940	0.168890	0.097696	0.169194	9	46	59
333	-0.750851	-0.775122	0.121355	13.100157	1.309800	0.178185	0.097697	0.179078	8	53	65
334	-0.728837	-0.752546	0.118547	12.144992	1.347546	0.204091	0.097143	0.204803	7	47	58
335	-0.763967	-0.788561	0.122970	11.198425	1.387161	0.186051	0.101540	0.186276	8	52	64
336	-0.711253	-0.734968	0.118577	10.223686	1.430465	0.166248	0.096496	0.166197	8	78	90
337	-0.733336	-0.757602	0.121330	9.248946	1.476561	0.165278	0.097269	0.165086	32	141	180
338	-0.745644	-0.769281	0.118185	10.248946	1.429309	0.167645	0.096940	0.168168	12	60	75
339	-0.736007	-0.759481	0.117367	11.248946	1.384988	0.188659	0.096762	0.189074	33	200	237
340	-0.752749	-0.776609	0.119301	12.248940	1.343333	0.158444	0.095909	0.159191	14	56	74
341	-0.742865	-0.767569	0.123521	13.248940	1.304111	0.200853	0.100191	0.200901	7	47	58
342	-0.749018	-0.774835	0.129089	12.274200	1.342313	0.176628	0.103006	0.177052	8	52	63
343	-0.708416	-0.731690	0.116369	11.299460	1.382822	0.166293	0.095148	0.166705	8	49	60
344	-0.709269	-0.732893	0.118122	12.299396	1.341298	0.127622	0.096946	0.128590	8	44	57
345	-0.731760	-0.754633	0.114369	11.324656	1.381744	0.156994	0.092929	0.157250	7	54	65
346	-0.732056	-0.755843	0.118932	12.322371	1.340373	0.184471	0.097546	0.184803	9	72	85
347	-0.745482	-0.769498	0.120081	11.347631	1.380763	0.168478	0.096120	0.168575	41	145	212
348	-0.708066	-0.732604	0.122693	12.347631	1.339358	0.159871	0.099249	0.161057	38	171	214
349	-0.751568	-0.776088	0.122601	11.372891	1.379685	0.160525	0.099054	0.161091	40	52	97
350	-0.744685	-0.768268	0.117917	10.603357	1.413280	0.178524	0.095180	0.179113	14	48	66
351	-0.754645	-0.778787	0.120708	11.603357	1.369933	0.173256	0.095222	0.173170	11	65	80
352	-0.741921	-0.765822	0.119506	11.860855	1.359198	0.157049	0.096901	0.157177	10	122	136
353	-0.684730	-0.708789	0.120296	12.860855	1.319057	0.166562	0.098033	0.166514	30	120	156
354	-0.745833	-0.770143	0.121549	13.860855	1.281219	0.166811	0.097555	0.167604	18	51	75
355	-0.736325	-0.759649	0.116620	14.860847	1.245492	0.176328	0.094034	0.176379	8	51	63
356	-0.729127	-0.754495	0.126842	14.012163	1.275682	0.159517	0.100755	0.159554	7	51	63
357	-0.734113	-0.757807	0.118469	15.012163	1.240259	0.148492	0.096015	0.149042	11	124	139
358	-0.741756	-0.764925	0.115846	16.012163	1.206749	0.170223	0.094228	0.171346	35	140	179
359	-0.729888	-0.753795	0.119534	15.038677	1.239346	0.168645	0.097711	0.169203	8	171	207
360	-0.748556	-0.772555	0.119995	14.063937	1.273799	0.175001	0.098209	0.175830	46	201	252
361	-0.742186	-0.765472	0.116433	14.682744	1.251709	0.155143	0.097657	0.155459	38	166	208
362	-0.751202	-0.775853	0.123256	14.510665	1.257774	0.163438	0.097029	0.164047	37	129	170
363	-0.726744	-0.751361	0.123085	15.510665	1.223325	0.196406	0.096900	0.196239	35	101	141
364	-0.732997	-0.757589	0.122962	16.510665	1.190712	0.147287	0.098331	0.147686	12	72	109
365	-0.715123	-0.738251	0.115640	17.510665	1.159793	0.166795	0.092997	0.167297	35	99	138
366	-0.740461	-0.765620	0.125791	18.431861	1.132698	0.169946	0.098881	0.169967	8	151	189
367	-0.733324	-0.757051	0.118638	17.463965	1.161201	0.178704	0.097174	0.179468	37	130	172
368	-0.685361	-0.708773	0.117059	16.514307	1.190596	0.147755	0.095660	0.148054	60	153	217
369	-0.748005	-0.772998	0.124963	17.514307	1.159683	0.175768	0.098176	0.175861	39	150	194
370	-0.757156	-0.783192	0.130180	16.553418	1.189357	0.163049	0.101600	0.163361	34	164	220
371	-0.742815	-0.767501	0.123429	17.553417	1.158507	0.189295	0.099667	0.189223	52	129	185
372	-0.726260	-0.750687	0.122139	16.606346	1.187683	0.180079	0.097966	0.180172	35	153	214
373	-0.721020	-0.745802	0.123908	15.631606	1.219286	0.165786	0.098987	0.165778	39	180	223
374	-0.703394	-0.727273	0.119398	16.631606	1.186885	0.149462	0.095412	0.150537	30	152	186
375	-0.699499	-0.724299	0.124002	15.656866	1.218446	0.196776	0.099668	0.196857	37	166	207
376	-0.753395	-0.778206	0.124054	14.682127	1.251730	0.178473	0.100023	0.178838	64	150	218
377	-0.760906	-0.786621	0.128576	13.707387	1.286885	0.150372	0.101162	0.151787	38	116	158
378	-0.725214	-0.749959	0.123724	14.707386	1.250845	0.167198	0.098958	0.167769	33	82	119
379	-0.741551	-0.765552	0.120008	13.732654	1.285948	0.143216	0.096640	0.143327	10	65	80
380	-0.712385	-0.735309	0.114620	14.732654	1.249960	0.153740	0.095266	0.153356	14	55	75
381	-0.760946	-0.785013	0.120331	13.757915	1.285014	0.155207	0.097524	0.155664	9	54	68
382	-0.746931	-0.770168	0.116182	12.788433	1.321884	0.163649	0.094854	0.163704	8	51	64
383	-0.719206	-0.743974	0.123844	13.557010	1.292485	0.172859	0.098346	0.172760	10	51	65
384	-0.740344	-0.765559	0.126073	13.110441	1.309406	0.155243	0.101104	0.155647	7	45	57
385	-0.729751	-0.753711	0.119798	14.110441	1.272112	0.185098	0.097133	0.184702	15	47	66
386	-0.761568	-0.786109	0.122705	15.105266	1.237061	0.172674	0.099142	0.172653	7	56	67
387	-0.734403	-0.758245	0.119213	16.105266	1.203721	0.191235	0.096384	0.191395	8	47	60
388	-0.682275	-0.706077	0.119009	15.130526	1.236196	0.173196	0.096845	0.173050	8	102	136
389	-0.753375	-0.777995	0.123104	14.155788	1.270471	0.161139	0.098720	0.161493	33	162	217
390	-0.732952	-0.758044	0.125457	13.181048	1.306701	0.143917	0.100248	0.142811	35	160	200
391	-0.760393	-0.786792	0.131994	12.206308	1.345058	0.182716	0.102109	0.183204	67	117	207
392	-0.697894	-0.722577	0.123414	13.206308	1.305736	0.164991	0.098688	0.165351	33	172	212
393	-0.701864	-0.726086	0.121109	14.206308	1.268648	0.168135	0.099326	0.167849	35	123	163
394	-0.754678	-0.778675	0.119984	15.206308	1.233608	0.157855	0.096127	0.157666	12	45	63
395	-0.738620	-0.762404	0.118917	14.232659	1.267699	0.182822	0.095017	0.182797	8	55	67
396	-0.739339	-0.763583	0.121218	13.257921	1.303769	0.191414	0.098076	0.191195	9	48	61
397	-0.718904	-0.743167	0.121314	12.283181	1.341951	0.157173	0.097243	0.157784	8	98	110
398	-0.725947	-0.752551	0.133020	13.283181	1.302808	0.192997	0.104863	0.193494	37	140	205
399	-0.742275	-0.765981	0.118531	12.308441	1.340933	0.153564	0.094978	0.153626	34	55	93
400	-0.716203	-0.741240	0.125186	13.308441	1.301849	0.160130	0.099377	0.160112	7	55	67
401	-0.769179	-0.794026	0.124235	12.333701	1.339917	0.168572	0.099250	0.168209	7	47	58
402	-0.682727	-0.707866	0.125692	13.333701	1.300891	0.155942	0.100164	0.156677	7	54	65
403	-0.737638	-0.762661	0.125113	14.171517	1.269903	0.173317	0.098566	0.173555	7	46	57
404	-0.742557	-0.768202	0.128226	13.212455	1.305501	0.197447	0.100747	0.197163	13	46	63
405	-0.746992	-0.773729	0.133681	14.212455	1.268426	0.148731	0.104846	0.149615	8	49	61
406	-0.698026	-0.722715	0.123443	15.212455	1.233399	0.192409	0.105077	0.192188	9	44	57
407	-0.716807	-0.741651	0.124217	16.212240	1.200261	0.153286	0.098651	0.153615	7	54	65
408	-0.726670	-0.751782	0.125561	17.212149	1.168853	0.180825	0.099424	0.181446	8	45	57
409	-0.729999	-0.753932	0.119664	18.212137	1.139045	0.160091	0.096614	0.160301	7	54	65
410	-0.744230	-0.768996	0.123829	17.237397	1.168082	0.149826	0.099203	0.149993	8	56	68
411	-0.721357	-0.747032	0.128371	18.237094	1.138321	0.152856	0.100400	0.153399	10	54	68
412	-0.739972	-0.765140	0.125839	17.269275	1.167109	0.190816	0.101286	0.190962	7	46	57
413	-0.739949	-0.766051	0.130513	16.294535	1.197613	0.157863	0.103253	0.158363	7	45	56
414	-0.692288	-0.718067	0.128896	15.320619	1.229726	0.152493	0.102332	0.152147	7	55	66
415	-0.738650	-0.765110	0.132302	15.181070	1.234469	0.169468	0.103541	0.170728	8	44	57
416	-0.733102	-0.757131	0.120146	16.181070	1.201267	0.168225	0.096950	0.168090	7	57	68
417	-0.714317	-0.739382	0.125328	17.181070	1.169805	0.153274	0.101379	0.153721	8	49	61
418	-0.771058	-0.796462	0.127018	18.181070	1.139948	0.170413	0.100064	0.170947	10	100	113
419	-0.746686	-0.772582	0.129479	17.206331	1.169031	0.210680	0.102630	0.210694	13	99	116
420	-0.754431	-0.779958	0.127633	16.231591	1.199637	0.187880	0.100726	0.188089	38	201	264
421	-0.745793	-0.771469	0.128379	17.231587	1.168259	0.163733	0.101109	0.164167	35	124	164
422	-0.721119	-0.746359	0.126201	16.256880	1.198823	0.189469	0.099380	0.189831	8	54	68
423	-0.748096	-0.774441	0.131721	17.256880	1.167487	0.148861	0.102212	0.149301	9	44	60
424	-0.698573	-0.722806	0.121161	18.256880	1.137747	0.146454	0.096866	0.146541	13	47	64
425	-0.719505	-0.745385	0.129397	19.256880	1.109485	0.169924	0.102597	0.170419	7	47	58
426	-0.725000	-0.748942	0.119712	20.256880	1.082593	0.152519	0.096922	0.152720	10	49	64
427	-0.746363	-0.771826	0.127314	21.256880	1.056973	0.170628	0.100493	0.171414	9	76	89
428	-0.728288	-0.753215	0.124636	22.256837	1.032540	0.174641	0.097229	0.176309	35	176	216
429	-0.705258	-0.730578	0.126601	23.256837	1.009209	0.165784	0.101331	0.165351	35	119	158
430	-0.731443	-0.756490	0.125238	22.282097	1.031937	0.195830	0.100485	0.195669	55	51	110
431	-0.746000	-0.770693	0.123469	21.307358	1.055712	0.181284	0.099292	0.181176	9	53	66
432	-0.720473	-0.745573	0.125500	22.307358	1.031335	0.168410	0.100890	0.168530	7	46	57
433	-0.731160	-0.754818	0.118291	23.303286	1.008151	0.146597	0.096830	0.146709	10	44	59
434	-0.758572	-0.784823	0.131254	24.303285	0.985898	0.187613	0.102651	0.187367	7	53	63
435	-0.732676	-0.757762	0.125431	23.328546	1.007577	0.199337	0.098996	0.199485	12	173	191
436	-0.755255	-0.781058	0.129015	24.328546	0.985348	0.162536	0.101268	0.163123	59	48	111
437	-0.700023	-0.725252	0.126146	25.328546	0.964080	0.150031	0.100777	0.150087	8	52	64
438	-0.745186	-0.769076	0.119450	24.425912	0.983236	0.154098	0.096020	0.153898	8	45	57
439	-0.724357	-0.750042	0.128424	23.451183	1.004797	0.182064	0.102336	0.181808	8	53	69
440	-0.727180	-0.753212	0.130159	22.476443	1.027324	0.157741	0.100589	0.158126	8	46	57
441	-0.741443	-0.766663	0.126100	21.658573	1.047021	0.165359	0.100944	0.165930	10	46	60
442	-0.748469	-0.773257	0.123940	22.658573	1.023039	0.161540	0.096887	0.162156	8	50	61
443	-0.751049	-0.777204	0.130778	23.658573	1.000131	0.171106	0.101894	0.170617	8	45	57
444	-0.735294	-0.760793	0.127497	22.683833	1.022447	0.149989	0.100060	0.150212	8	51	65
445	-0.736588	-0.764015	0.137133	23.683819	0.999565	0.192714	0.105577	0.193577	14	48	66
446	-0.719585	-0.744364	0.123897	24.509778	0.981424	0.175433	0.097424	0.175772	8	53	65
447	-0.741927	-0.766449	0.122608	25.509778	0.960323	0.183776	0.097884	0.183595	8	46	58
448	-0.727793	-0.753238	0.127225	26.509778	0.940110	0.194991	0.099416	0.194738	8	48	60
449	-0.740454	-0.765550	0.125479	27.509778	0.920730	0.167210	0.101772	0.167334	7	50	61
450	-0.731337	-0.758184	0.134237	28.509778	0.902133	0.194172	0.103332	0.193760	8	67	81
451	-0.754187	-0.779620	0.127166	27.535863	0.920235	0.155993	0.101621	0.155927	8	56	69
452	-0.697475	-0.722378	0.124517	26.561124	0.939095	0.172966	0.099502	0.173305	25	124	154
453	-0.734151	-0.760522	0.131855	27.561124	0.919756	0.159125	0.102071	0.159110	38	73	115
454	-0.746832	-0.773108	0.131378	28.561124	0.901198	0.168632	0.104604	0.169027	27	170	202
455	-0.696732	-0.721844	0.125560	27.663039	0.917830	0.161175	0.098748	0.160822	40	155	217
456	-0.738145	-0.763377	0.126159	28.663039	0.899349	0.176582	0.098452	0.177418	40	124	168
457	-0.752627	-0.777974	0.126738	29.651510	0.881798	0.168527	0.102018	0.169355	36	127	204
458	-0.729447	-0.755080	0.128164	30.651510	0.864726	0.148207	0.102810	0.148773	37	167	210
459	-0.746961	-0.772536	0.127879	29.676770	0.881358	0.164567	0.101199	0.164267	16	58	78
460	-0.726686	-0.751939	0.126262	30.676721	0.864304	0.210888	0.099695	0.211650	11	71	86
461	-0.711731	-0.737064	0.126666	29.912938	0.877270	0.162531	0.100648	0.161567	13	64	81
462	-0.752055	-0.777277	0.126112	28.938198	0.894394	0.173597	0.098643	0.174209	12	53	69
463	-0.717240	-0.742646	0.127027	27.963460	0.912199	0.188292	0.100367	0.188241	12	60	77
464	-0.732739	-0.757674	0.124674	26.988721	0.930727	0.193715	0.098846	0.193320	8	51	63
465	-0.696480	-0.721743	0.126316	27.988721	0.911728	0.174477	0.099485	0.174536	8	124	135
466	-0.757167	-0.784620	0.137267	27.013981	0.930237	0.172885	0.103809	0.173025	36	172	235
467	-0.741960	-0.766958	0.124992	28.013981	0.911258	0.153467	0.098622	0.154339	60	156	220
468	-0.745812	-0.770801	0.124942	27.039242	0.929748	0.171282	0.098503	0.172605	64	190	258
469	-0.728648	-0.752960	0.121561	26.064502	0.949004	0.138720	0.095081	0.139067	57	144	233
470	-0.729219	-0.754569	0.126748	27.063538	0.929278	0.172168	0.100911	0.173227	59	118	181
471	-0.733721	-0.758191	0.122347	26.088798	0.948514	0.170029	0.098094	0.170511	37	146	189
472	-0.751827	-0.777489	0.128308	27.088798	0.928790	0.161415	0.101639	0.161452	11	61	77
473	-0.722756	-0.746705	0.119746	28.088798	0.909870	0.176364	0.096991	0.176908	11	82	97
474	-0.726415	-0.752777	0.131811	29.088096	0.891717	0.153840	0.101465	0.154949	14	60	78
475	-0.722794	-0.745670	0.114380	30.088096	0.874262	0.163411	0.093172	0.163637	8	62	74
476	-0.713785	-0.739610	0.129128	29.113356	0.891267	0.218702	0.100457	0.218100	12	53	68
477	-0.741082	-0.767861	0.133891	28.248527	0.906919	0.181787	0.103483	0.181193	8	53	64
478	-0.740935	-0.766299	0.126817	27.273787	0.925231	0.174468	0.100816	0.174589	8	46	60
479	-0.742588	-0.770132	0.137721	26.299048	0.944298	0.170963	0.107225	0.170537	8	51	63
480	-0.701585	-0.727879	0.131468	25.324308	0.964168	0.161643	0.100325	0.161673	7	43	54
481	-0.765217	-0.792936	0.138595	24.349757	0.984887	0.168630	0.106017	0.168376	14	46	65
482	-0.744731	-0.770601	0.129353	23.375018	1.006521	0.187686	0.101429	0.186814	7	44	56
483	-0.730494	-0.757070	0.132880	22.400278	1.029127	0.212502	0.103801	0.211639	8	45	58
484	-0.720364	-0.746188	0.129122	21.425538	1.052772	0.172101	0.102011	0.172390	7	47	58
485	-0.740873	-0.767627	0.133772	20.590489	1.073909	0.187189	0.103800	0.187088	8	46	58
486	-0.731678	-0.756722	0.125217	19.615750	1.099682	0.169174	0.099803	0.169526	7	51	62
487	-0.719963	-0.745330	0.126835	18.641010	1.126722	0.165697	0.099714	0.165911	7	46	57
488	-0.720296	-0.744774	0.122387	17.700807	1.154095	0.153659	0.096767	0.154160	8	53	65
489	-0.776511	-0.803479	0.134842	16.726067	1.183914	0.199206	0.103867	0.198207	7	53	64
490	-0.733318	-0.758299	0.124904	15.751328	1.215314	0.159388	0.097870	0.159141	20	89	115
491	-0.748507	-0.775350	0.134211	16.751328	1.183121	0.183554	0.103438	0.183966	19	92	115
492	-0.729820	-0.755233	0.127069	17.751325	1.152590	0.175238	0.101186	0.175685	8	77	89
493	-0.746610	-0.771820	0.126046	18.751325	1.123595	0.164008	0.099984	0.164082	13	68	85
494	-0.769901	-0.795728	0.129132	17.776585	1.151839	0.180333	0.101890	0.180947	14	57	78
495	-0.750757	-0.776013	0.126281	18.776585	1.122882	0.172159	0.100710	0.172011	8	57	69
496	-0.749729	-0.776762	0.135160	17.801846	1.151090	0.182258	0.105204	0.182550	14	52	70
497	-0.705036	-0.730951	0.129576	18.801760	1.122172	0.202569	0.101707	0.202545	8	57	69
498	-0.705895	-0.731557	0.128312	19.583109	1.100566	0.150541	0.101364	0.151009	10	52	67
499	-0.721885	-0.746571	0.123430	20.583109	1.074100	0.158773	0.099139	0.158871	8	54	65
500	-0.753143	-0.779375	0.131162	21.582128	1.048900	0.171678	0.101745	0.172187	8	44	60
501	-0.714871	-0.740150	0.126394	22.582128	1.024833	0.148445	0.098404	0.149324	11	47	62
502	-0.657022	-0.681903	0.124407	23.582115	1.001846	0.176368	0.099420	0.176460	8	43	55
503	-0.684776	-0.709148	0.121863	24.582115	0.979867	0.166576	0.095858	0.166802	10	45	60
504	-0.720247	-0.746618	0.131858	25.582115	0.958832	0.164227	0.102226	0.164434	7	49	60
505	-0.729046	-0.755480	0.132169	24.615374	0.979152	0.202365	0.102619	0.202407	9	45	58
506	-0.771488	-0.797268	0.128897	23.640635	1.000532	0.166922	0.100113	0.167335	14	52	70
507	-0.744436	-0.771438	0.135012	24.640635	0.978610	0.173480	0.103895	0.174699	7	48	59
508	-0.718055	-0.742628	0.122864	25.640630	0.957629	0.192267	0.098394	0.191891	9	54	67
509	-0.754257	-0.779463	0.126029	24.665890	0.978069	0.173056	0.098510	0.172878	8	53	65
510	-0.732287	-0.757093	0.124030	23.691172	0.999401	0.157144	0.098104	0.156798	15	60	81
511	-0.706313	-0.731890	0.127884	22.716432	1.021685	0.164226	0.101111	0.163600	7	69	85
512	-0.732435	-0.759228	0.133962	21.741693	1.044984	0.170279	0.104402	0.170506	8	93	105
513	-0.753030	-0.780707	0.138381	20.766953	1.069372	0.168106	0.105918	0.168908	13	58	74
514	-0.719972	-0.746731	0.133798	21.766766	1.044372	0.169227	0.102978	0.169399	8	53	65
515	-0.714086	-0.740715	0.133146	20.792027	1.068730	0.149681	0.102752	0.149574	10	56	70
516	-0.742321	-0.769539	0.136090	21.792027	1.043755	0.147478	0.102799	0.148104	9	50	63
517	-0.708338	-0.735768	0.137151	22.792027	1.019921	0.164618	0.105416	0.164351	10	45	59
518	-0.739747	-0.767526	0.138893	21.818976	1.043098	0.187243	0.103461	0.187625	8	48	59
519	-0.752131	-0.778960	0.134145	20.844237	1.067397	0.197410	0.103814	0.197430	8	45	57
520	-0.700958	-0.725652	0.123471	21.844237	1.042483	0.154815	0.097963	0.155160	9	57	71
521	-0.718174	-0.742436	0.121307	22.844237	1.018706	0.179343	0.098359	0.179433	12	77	93
522	-0.755928	-0.782893	0.134825	23.844236	0.995990	0.189338	0.101763	0.189866	10	63	78
523	-0.732883	-0.759694	0.134056	24.844236	0.974264	0.150420	0.103570	0.150298	8	57	69
524	-0.720834	-0.747591	0.133783	23.869497	0.995429	0.169409	0.102413	0.169737	8	49	61
525	-0.694970	-0.719918	0.124744	24.869497	0.973728	0.145643	0.100079	0.145903	11	54	68
526	-0.727333	-0.754982	0.138245	25.869497	0.952952	0.184181	0.104121	0.185248	9	53	66
527	-0.724321	-0.749661	0.126699	24.894757	0.973192	0.148597	0.100019	0.149199	7	54	66
528	-0.713980	-0.739963	0.129912	25.894757	0.952439	0.156600	0.101642	0.156384	10	57	71
529	-0.712006	-0.737741	0.128676	24.920026	0.972656	0.174909	0.100386	0.175246	9	56	68
530	-0.732657	-0.759001	0.131719	25.920026	0.951926	0.167138	0.101797	0.167672	14	65	82
531	-0.725074	-0.752519	0.137228	24.945287	0.972122	0.161620	0.105199	0.161143	12	56	73
532	-0.737711	-0.763724	0.130068	23.970547	0.993192	0.161563	0.099799	0.162254	11	58	73
533	-0.700219	-0.726250	0.130152	24.970547	0.971587	0.163293	0.100933	0.163453	7	48	59
534	-0.753796	-0.780547	0.133756	23.995809	0.992635	0.183521	0.104433	0.182881	9	53	66
535	-0.737313	-0.761877	0.122820	24.995809	0.971054	0.171555	0.097182	0.172651	8	51	64
536	-0.751227	-0.777982	0.133777	25.995809	0.950391	0.179522	0.105138	0.179274	15	52	71
537	-0.721616	-0.748752	0.135679	26.968771	0.931114	0.150494	0.103081	0.151323	8	53	65
538	-0.682474	-0.707218	0.123724	27.965937	0.912153	0.154148	0.098957	0.154296	8	50	63
539	-0.758930	-0.785022	0.130460	26.991197	0.930679	0.170606	0.099050	0.170691	9	54	67
540	-0.729283	-0.755522	0.131191	26.016458	0.949974	0.154218	0.100539	0.155277	8	49	61
541	-0.755477	-0.781073	0.127979	27.016458	0.930189	0.164445	0.100830	0.164967	12	53	69
542	-0.721599	-0.746477	0.124389	28.016458	0.911212	0.186939	0.099915	0.187517	8	57	70
543	-0.742048	-0.767498	0.127253	27.043966	0.929657	0.157104	0.098590	0.157425	8	45	57
544	-0.742266	-0.769209	0.134713	28.043695	0.910706	0.185083	0.104121	0.184876	8	52	65
545	-0.727507	-0.753189	0.128411	27.068955	0.929174	0.144540	0.099589	0.145862	9	44	57
546	-0.756373	-0.783514	0.135703	28.068955	0.910237	0.188455	0.103040	0.188776	7	53	65
547	-0.730079	-0.757166	0.135436	27.094216	0.928686	0.204850	0.103088	0.205038	8	43	55
548	-0.732343	-0.758481	0.130692	26.119476	0.947897	0.151181	0.101105	0.151144	9	46	58
549	-0.745719	-0.773104	0.136928	25.144736	0.967920	0.175712	0.106028	0.176749	8	45	57
550	-0.749753	-0.776606	0.134269	26.144718	0.947389	0.167184	0.102279	0.167053	11	57	72
551	-0.716285	-0.742986	0.133505	27.130427	0.927987	0.189557	0.102114	0.189565	15	64	94
552	-0.718136	-0.742679	0.122717	28.130425	0.909099	0.142449	0.097379	0.143025	14	91	110
553	-0.731983	-0.758080	0.130484	27.155685	0.927500	0.147591	0.101213	0.148452	12	56	72
554	-0.724730	-0.750686	0.129782	26.180946	0.946662	0.154932	0.101612	0.155244	12	55	71
555	-0.758068	-0.783689	0.128105	27.180946	0.927014	0.151198	0.100806	0.151697	16	67	89
556	-0.729640	-0.754747	0.125536	28.180946	0.908165	0.170158	0.097614	0.169868	10	50	64
557	-0.733649	-0.759801	0.130759	27.206208	0.926528	0.169775	0.098784	0.170028	7	44	55
558	-0.724984	-0.749860	0.124379	28.206208	0.907699	0.179271	0.097527	0.179364	7	52	62
559	-0.701696	-0.726185	0.122446	29.206208	0.889619	0.162382	0.097816	0.162181	9	46	59
560	-0.719628	-0.745462	0.129171	30.204769	0.872270	0.135114	0.100229	0.135465	7	53	64
561	-0.777355	-0.804736	0.136904	31.204769	0.855562	0.186851	0.105291	0.186046	8	64	76
562	-0.733656	-0.760429	0.133863	32.204769	0.839481	0.148926	0.102911	0.149185	11	68	83
563	-0.706137	-0.731240	0.125512	33.204769	0.823994	0.154653	0.096667	0.154657	14	55	73
564	-0.748151	-0.774491	0.131700	34.160553	0.809716	0.179134	0.100793	0.179367	13	63	80
565	-0.715782	-0.740599	0.124083	35.160553	0.795298	0.160802	0.097726	0.160997	8	45	57
566	-0.701576	-0.728398	0.134110	34.185814	0.809346	0.149782	0.102661	0.149852	7	55	67
567	-0.748969	-0.774700	0.128653	33.211074	0.823898	0.143458	0.099119	0.144417	9	50	63
568	-0.737448	-0.764987	0.137693	32.937234	0.828081	0.172553	0.104696	0.173048	11	48	63
569	-0.743437	-0.769434	0.129984	31.962498	0.843321	0.173125	0.100388	0.173607	8	61	75
570	-0.765158	-0.792780	0.138110	32.962498	0.827693	0.198359	0.104265	0.198869	10	50	64
571	-0.762130	-0.787863	0.128663	33.961243	0.812653	0.201624	0.101858	0.201474	9	55	67
572	-0.772450	-0.799552	0.135508	32.986503	0.827325	0.152418	0.104209	0.152133	9	58	71
573	-0.733665	-0.760007	0.131711	32.011763	0.842538	0.174102	0.101390	0.174594	8	50	64
574	-0.744451	-0.770659	0.131044	32.881565	0.828937	0.168284	0.101437	0.169100	8	56	68
575	-0.725638	-0.750702	0.125317	33.881565	0.813833	0.152504	0.097892	0.152511	7	52	62
576	-0.717046	-0.744407	0.136805	34.819393	0.800159	0.203160	0.104349	0.203510	8	55	68
577	-0.706346	-0.732066	0.128597	33.844653	0.814380	0.135972	0.099855	0.135434	9	56	69
578	-0.729006	-0.754234	0.126139	34.779638	0.800730	0.154433	0.100315	0.153595	8	49	61
579	-0.728996	-0.753436	0.122202	35.779638	0.786627	0.172133	0.096877	0.172108	10	52	66
580	-0.756745	-0.782862	0.130588	36.779638	0.773013	0.158513	0.101169	0.158220	8	49	62
581	-0.740473	-0.765241	0.123838	37.710886	0.760752	0.186282	0.096842	0.186489	9	55	70
582	-0.694837	-0.720887	0.130250	38.710886	0.748011	0.165538	0.100706	0.166048	8	46	58
583	-0.731998	-0.758171	0.130867	37.736146	0.760424	0.218004	0.101510	0.216592	10	45	59
584	-0.701052	-0.725845	0.123965	38.736145	0.747695	0.170324	0.098693	0.170184	7	52	63
585	-0.743338	-0.770084	0.133729	39.736145	0.735384	0.175895	0.103125	0.176553	8	44	57
586	-0.728389	-0.754702	0.131564	40.736145	0.723472	0.185941	0.102488	0.185534	7	51	62
587	-0.709233	-0.733139	0.119533	41.736145	0.711940	0.148731	0.095294	0.148479	8	45	57
588	-0.765259	-0.791040	0.128905	40.761405	0.723177	0.170347	0.100090	0.170009	8	58	71
589	-0.727722	-0.754417	0.133477	39.786666	0.734773	0.168109	0.100672	0.168507	8	99	110
590	-0.748870	-0.775652	0.133910	40.786666	0.722881	0.157841	0.102309	0.158572	11	53	68
591	-0.737035	-0.761716	0.123403	41.786665	0.711368	0.161722	0.096544	0.161832	10	46	60
592	-0.703649	-0.730106	0.132286	40.811928	0.722585	0.202083	0.100240	0.201935	7	51	63
593	-0.731918	-0.756904	0.124932	41.809373	0.711110	0.139933	0.096596	0.140264	8	57	72
594	-0.699463	-0.724688	0.126127	40.834633	0.722320	0.141799	0.098387	0.142307	12	54	71
595	-0.728435	-0.755093	0.133289	39.859894	0.733889	0.172812	0.102233	0.172590	8	46	59
596	-0.772880	-0.799318	0.132189	38.885154	0.745834	0.179261	0.099482	0.178806	11	50	65
597	-0.731611	-0.757166	0.127777	37.910414	0.758175	0.160978	0.098680	0.161194	9	55	69
598	-0.747201	-0.775041	0.139200	38.910414	0.745520	0.188585	0.104926	0.188448	10	54	68
599	-0.778139	-0.804278	0.130691	37.935675	0.757850	0.166306	0.100777	0.166661	8	85	98
600	-0.717893	-0.743155	0.126312	36.960954	0.770595	0.170771	0.097655	0.170813	10	52	67
601	-0.755846	-0.782788	0.134713	35.986214	0.783776	0.188350	0.101976	0.188903	8	48	60
602	-0.701739	-0.728435	0.133478	35.011474	0.797415	0.146988	0.101868	0.146886	9	47	61
603	-0.755479	-0.780502	0.125116	34.057812	0.811227	0.160736	0.097415	0.160759	8	45	57
604	-0.746961	-0.773918	0.134784	33.083072	0.825848	0.177574	0.102448	0.177699	9	45	58
605	-0.732900	-0.758622	0.128612	34.083072	0.810855	0.143958	0.101042	0.143911	7	46	58
606	-0.741629	-0.768614	0.134924	35.083072	0.796397	0.168996	0.101763	0.168766	8	44	56
607	-0.712700	-0.737780	0.125404	34.108333	0.810484	0.173028	0.097250	0.173143	7	47	58
608	-0.719027	-0.743561	0.122671	35.093578	0.796248	0.199631	0.097710	0.200466	7	43	55
609	-0.715422	-0.742276	0.134271	34.119209	0.810324	0.172772	0.102026	0.173601	8	46	59
610	-0.762298	-0.788648	0.131752	33.144469	0.824912	0.163384	0.102104	0.163452	7	48	58
611	-0.729138	-0.755206	0.130340	32.169742	0.840034	0.155139	0.099925	0.154639	9	51	64
612	-0.689030	-0.713718	0.123442	31.195009	0.855722	0.149287	0.098752	0.150216	9	56	68
613	-0.741042	-0.766948	0.129532	30.908012	0.860453	0.160569	0.099660	0.160083	14	62	83
614	-0.734689	-0.761920	0.136156	29.933272	0.876920	0.174410	0.103717	0.174992	8	61	74
615	-0.734548	-0.760831	0.131416	28.959669	0.894009	0.158806	0.102065	0.158637	11	70	84
616	-0.728040	-0.754150	0.130550	29.959371	0.876471	0.163979	0.100772	0.163372	18	87	115
617	-0.754699	-0.780302	0.128017	30.512610	0.867058	0.163983	0.100028	0.164667	8	52	66
618	-0.726671	-0.752900	0.131148	31.285409	0.854242	0.175103	0.102481	0.174605	7	47	58
619	-0.741189	-0.768291	0.135508	30.310777	0.870468	0.161602	0.103397	0.161973	7	44	55
620	-0.707718	-0.733794	0.130382	31.310777	0.853828	0.152719	0.100946	0.152743	8	45	57
621	-0.726333	-0.751459	0.125630	30.336038	0.870040	0.163500	0.099227	0.164083	7	52	64
622	-0.725380	-0.751191	0.129055	29.369998	0.886726	0.150974	0.099378	0.150802	8	52	65
623	-0.763945	-0.790588	0.133219	30.369998	0.869465	0.153436	0.102869	0.153211	11	121	136
624	-0.705764	-0.730705	0.124707	29.395259	0.886282	0.145808	0.100047	0.146715	70	177	273
625	-0.699985	-0.725735	0.128748	28.420519	0.903762	0.164938	0.102228	0.164641	35	120	184
626	-0.734269	-0.760385	0.130581	28.320841	0.905589	0.158486	0.099814	0.158521	60	201	268
627	-0.748557	-0.775030	0.132364	29.320841	0.887593	0.169968	0.102357	0.170732	39	211	254
628	-0.730647	-0.755717	0.125351	28.346102	0.905125	0.160727	0.098984	0.160657	11	70	84
629	-0.720913	-0.747337	0.132123	27.371362	0.923365	0.152601	0.101577	0.152938	12	61	81
630	-0.734041	-0.760724	0.133417	28.371355	0.904662	0.155584	0.105539	0.155995	11	175	190
631	-0.754846	-0.781916	0.135350	27.397013	0.922875	0.157798	0.101970	0.159181	65	108	177
632	-0.704725	-0.731407	0.133412	28.397013	0.904192	0.171188	0.101860	0.172522	62	200	266
633	-0.735985	-0.761717	0.128664	29.397013	0.886251	0.153019	0.101663	0.152925	33	199	237
634	-0.736474	-0.761678	0.126023	30.380837	0.869281	0.155110	0.099227	0.155100	35	122	161
635	-0.748121	-0.774029	0.129541	31.380837	0.852686	0.170545	0.099886	0.170485	45	221	290
636	-0.746770	-0.771223	0.122265	32.380837	0.836712	0.159519	0.097388	0.159143	12	52	77
637	-0.697482	-0.722278	0.123978	31.406097	0.852275	0.172333	0.098517	0.173155	13	88	105
638	-0.774421	-0.800448	0.130136	32.405781	0.836321	0.160105	0.100691	0.160695	25	162	209
639	-0.738706	-0.765110	0.132017	31.431042	0.851869	0.159131	0.103568	0.159452	39	158	222
640	-0.725495	-0.752846	0.136756	32.322351	0.837630	0.157375	0.104224	0.157819	34	120	161
641	-0.736533	-0.764144	0.138054	33.322029	0.822215	0.193587	0.106392	0.193695	36	76	116
642	-0.763805	-0.789737	0.129659	34.322029	0.807353	0.168512	0.098243	0.169040	9	56	69
643	-0.705906	-0.732277	0.131856	35.322029	0.793018	0.172408	0.102438	0.172303	11	59	74
644	-0.711200	-0.738110	0.134554	34.347289	0.806984	0.181844	0.103807	0.182464	8	65	78
645	-0.722393	-0.749079	0.133429	33.372550	0.821451	0.186572	0.101013	0.186080	11	63	86
646	-0.746597	-0.772388	0.128953	32.397810	0.836446	0.174326	0.101464	0.173917	14	50	68
647	-0.740615	-0.768167	0.137756	31.423070	0.851999	0.168251	0.105831	0.168029	10	50	65
648	-0.719069	-0.744557	0.127443	30.448511	0.868138	0.149485	0.098748	0.149193	7	51	63
649	-0.721063	-0.747166	0.130513	29.473772	0.884903	0.160251	0.102055	0.160226	7	50	62
650	-0.746705	-0.772132	0.127135	28.519370	0.901958	0.205842	0.101199	0.204989	12	170	187
651	-0.706694	-0.732502	0.129039	27.544630	0.920069	0.210048	0.099154	0.209944	62	191	258
652	-0.745926	-0.772924	0.134992	28.422432	0.903727	0.159967	0.102436	0.159392	23	174	202
653	-0.717164	-0.742596	0.127161	27.447692	0.921910	0.149407	0.098903	0.150358	36	139	179
654	-0.742178	-0.766935	0.123786	27.162282	0.927373	0.159645	0.099041	0.159472	16	51	71
655	-0.739502	-0.765964	0.132311	26.451468	0.941265	0.158871	0.102188	0.158861	10	49	62
656	-0.691168	-0.716963	0.128973	27.451468	0.921838	0.148960	0.101950	0.148911	7	49	60
657	-0.756630	-0.784457	0.139134	28.451455	0.903197	0.154644	0.106198	0.154791	8	52	65
658	-0.752428	-0.779285	0.134286	27.480583	0.921284	0.175205	0.102600	0.175297	7	54	64
659	-0.743834	-0.770808	0.134872	26.505843	0.940188	0.179171	0.105728	0.178566	7	51	62
660	-0.723487	-0.748778	0.126455	25.581229	0.958850	0.151614	0.098255	0.152327	8	50	62
661	-0.766375	-0.792131	0.128778	26.581229	0.938698	0.194794	0.099691	0.195135	8	50	62
662	-0.708253	-0.734428	0.130873	25.606489	0.958330	0.187395	0.101372	0.187310	7	64	75
663	-0.735927	-0.761391	0.127324	26.606489	0.938200	0.152141	0.100470	0.152073	8	120	132
664	-0.731703	-0.757498	0.128978	27.606489	0.918898	0.159012	0.099583	0.159621	38	152	194
665	-0.741110	-0.767271	0.130805	27.672596	0.917650	0.166951	0.100518	0.166830	13	98	116
666	-0.737243	-0.764502	0.136293	26.697887	0.936402	0.170672	0.104296	0.170859	35	178	218
667	-0.735238	-0.762177	0.134693	25.741288	0.955566	0.170634	0.103214	0.170252	36	117	157
668	-0.763236	-0.790498	0.136309	26.741288	0.935551	0.169761	0.103935	0.169966	33	56	92
669	-0.735525	-0.760402	0.124386	27.741269	0.916357	0.175108	0.098271	0.174724	8	52	66
670	-0.724116	-0.749185	0.125344	26.766530	0.935056	0.144109	0.096897	0.144632	8	69	81
671	-0.728767	-0.755420	0.133266	27.759380	0.916017	0.183735	0.100996	0.183175	10	78	97
672	-0.725959	-0.753761	0.139006	26.784640	0.934702	0.202658	0.104917	0.202305	12	56	71
673	-0.755289	-0.781083	0.128970	27.784640	0.915542	0.164950	0.099980	0.165072	10	75	107
674	-0.740995	-0.768098	0.135516	28.784640	0.897152	0.158225	0.103219	0.157925	42	133	179
675	-0.747694	-0.774731	0.135184	29.784640	0.879486	0.210607	0.100398	0.209996	37	161	202
676	-0.732759	-0.759018	0.131294	30.784640	0.862503	0.182577	0.101186	0.183314	28	124	155
677	-0.710811	-0.737921	0.135552	31.784640	0.846163	0.167029	0.102970	0.168009	9	44	58
678	-0.697234	-0.722710	0.127378	32.784640	0.830430	0.160670	0.100274	0.160482	7	53	64
679	-0.766067	-0.791735	0.128342	31.810187	0.845754	0.158139	0.100692	0.158309	9	55	73
680	-0.727041	-0.752259	0.126087	30.835447	0.861658	0.163719	0.099060	0.164885	7	54	68
681	-0.751637	-0.778167	0.132650	31.835447	0.845349	0.179346	0.101135	0.179757	7	55	73
682	-0.742330	-0.768271	0.129701	32.835447	0.829647	0.206528	0.100617	0.205951	14	62	82
683	-0.732146	-0.759421	0.136377	31.860707	0.844945	0.175250	0.103434	0.176201	8	55	68
684	-0.737917	-0.763428	0.127556	32.860707	0.829258	0.146651	0.098874	0.147381	8	128	140
685	-0.753809	-0.779191	0.126907	31.887588	0.844516	0.160810	0.099580	0.161111	37	147	188
686	-0.744727	-0.771122	0.131971	31.007633	0.858805	0.159798	0.101833	0.159627	38	182	226
687	-0.755401	-0.781730	0.131646	30.229452	0.871850	0.163574	0.103031	0.163300	36	149	214
688	-0.721833	-0.749078	0.136228	29.254794	0.888759	0.159309	0.103559	0.159504	34	86	124
689	-0.725609	-0.753927	0.141591	28.280054	0.906338	0.173786	0.105221	0.173106	10	58	75
690	-0.735686	-0.761655	0.129846	27.313159	0.924477	0.161529	0.100293	0.161546	8	82	94
691	-0.701111	-0.727806	0.133474	26.338419	0.943513	0.154003	0.101757	0.153690	18	97	119
692	-0.728233	-0.754801	0.132837	25.412051	0.962345	0.162763	0.100870	0.163036	15	49	68
693	-0.741816	-0.768701	0.134427	26.409002	0.942108	0.158660	0.104527	0.158336	8	45	57
694	-0.743399	-0.770284	0.134423	27.409002	0.922647	0.159080	0.102891	0.159588	15	46	65
695	-0.726236	-0.753620	0.136922	26.434266	0.941606	0.167870	0.104391	0.167676	9	115	132
696	-0.738358	-0.766700	0.141709	25.459526	0.961362	0.196182	0.105827	0.196801	15	151	171
697	-0.754475	-0.780752	0.131386	24.484787	0.981964	0.157655	0.102552	0.157647	63	159	248
698	-0.733145	-0.759743	0.132990	23.510047	1.003468	0.176503	0.102055	0.176202	36	149	189
699	-0.747129	-0.773785	0.133278	22.535307	1.025935	0.151327	0.102748	0.151615	34	133	176
700	-0.739795	-0.766553	0.133791	23.535307	1.002899	0.159121	0.103272	0.158872	61	123	189
701	-0.735199	-0.761358	0.130795	24.535307	0.980874	0.152487	0.099084	0.152768	40	125	211
702	-0.721348	-0.747303	0.129775	25.535307	0.959796	0.196112	0.099143	0.196162	35	176	215
703	-0.755221	-0.782541	0.136599	26.535307	0.939605	0.158611	0.102817	0.159361	33	77	135
704	-0.757361	-0.784136	0.133873	27.535307	0.920246	0.169381	0.102885	0.169176	10	55	72
705	-0.745104	-0.772781	0.138385	26.563856	0.939041	0.168199	0.105726	0.167097	8	55	70
706	-0.729434	-0.757108	0.138372	25.591917	0.958630	0.199254	0.107232	0.199289	8	54	68
707	-0.722134	-0.748327	0.130965	24.617177	0.979114	0.160418	0.101633	0.160986	7	61	72
708	-0.732194	-0.760203	0.140048	25.617177	0.958110	0.172508	0.105756	0.172394	17	153	174
709	-0.707380	-0.732243	0.124311	26.617177	0.937989	0.175450	0.095938	0.175074	17	144	166
710	-0.750912	-0.776896	0.129917	25.642437	0.957592	0.177561	0.099570	0.177526	8	47	59
711	-0.723334	-0.749940	0.133027	26.642437	0.937492	0.148857	0.099945	0.149214	7	46	57
712	-0.730441	-0.757606	0.135825	25.668477	0.957057	0.206480	0.102881	0.206123	7	45	56
713	-0.772049	-0.798583	0.132668	26.668477	0.936980	0.160947	0.102085	0.160915	8	47	59
714	-0.748109	-0.774734	0.133129	27.668477	0.917728	0.174710	0.102463	0.173881	7	44	56
715	-0.692762	-0.717631	0.124343	26.697032	0.936419	0.157077	0.097712	0.157577	7	46	57
716	-0.708312	-0.735318	0.135028	25.722359	0.955953	0.173774	0.104078	0.173577	7	43	54
717	-0.718678	-0.745081	0.132013	24.747628	0.976322	0.150699	0.101706	0.150713	7	45	57
718	-0.724276	-0.750238	0.129809	23.772889	0.997577	0.191429	0.101181	0.191122	7	42	54
719	-0.745844	-0.772462	0.133090	24.772889	0.975783	0.202298	0.101386	0.201586	7	45	56
720	-0.767741	-0.795657	0.139579	25.772889	0.954921	0.205371	0.104651	0.205892	7	44	55
721	-0.709781	-0.737883	0.140509	24.798149	0.975245	0.141459	0.105700	0.141970	8	43	56
722	-0.734846	-0.760933	0.130436	23.823409	0.996453	0.192452	0.100402	0.192217	7	44	55
723	-0.705212	-0.730506	0.126469	23.622316	1.000943	0.148870	0.098869	0.148521	8	45	57
724	-0.711529	-0.738324	0.133977	24.622287	0.979004	0.175030	0.103592	0.175606	7	44	57
725	-0.754211	-0.781734	0.137617	23.647547	1.000378	0.163703	0.102895	0.164024	8	43	55
726	-0.708887	-0.735296	0.132045	24.647547	0.978462	0.161104	0.102454	0.160939	8	44	55
727	-0.727729	-0.755723	0.139966	23.672808	0.999812	0.175292	0.104328	0.176048	9	43	56
728	-0.723125	-0.749939	0.134068	22.698068	1.022114	0.164924	0.103039	0.164632	7	44	54
729	-0.701911	-0.727927	0.130077	23.698068	0.999247	0.160821	0.098804	0.161149	7	44	55
730	-0.709966	-0.735460	0.127467	24.698068	0.977381	0.160155	0.100350	0.160611	7	45	56
731	-0.717364	-0.744629	0.136323	25.698068	0.956451	0.163991	0.104595	0.164516	8	46	58
732	-0.747611	-0.774425	0.134070	26.698068	0.936399	0.169087	0.102153	0.168688	7	46	57
733	-0.744324	-0.771751	0.137134	25.723334	0.955934	0.159746	0.104571	0.159280	7	46	57
734	-0.706146	-0.734556	0.142051	24.748595	0.976301	0.195978	0.106608	0.196328	8	75	107
735	-0.728188	-0.754707	0.132595	25.748595	0.955417	0.190648	0.102186	0.191142	11	77	89
736	-0.747780	-0.775335	0.137777	24.773855	0.975762	0.153529	0.105038	0.154583	97	175	275
737	-0.728052	-0.754936	0.134423	23.803501	0.996895	0.158738	0.103541	0.158831	61	52	117
738	-0.749427	-0.776633	0.136031	24.803501	0.975131	0.217352	0.103006	0.218080	8	56	68
739	-0.760773	-0.787416	0.133218	23.828773	0.996333	0.187842	0.101980	0.187994	8	77	89
740	-0.776373	-0.804835	0.142309	22.854033	1.018479	0.168506	0.105681	0.168761	15	70	89
741	-0.731931	-0.760037	0.140531	21.879294	1.041631	0.186234	0.104715	0.186589	11	58	94
742	-0.744392	-0.771139	0.133732	22.879268	1.017893	0.159288	0.103152	0.159066	34	156	194
743	-0.719860	-0.746933	0.135368	21.904528	1.041018	0.182763	0.101099	0.183109	61	149	214
744	-0.717745	-0.743922	0.130886	20.982782	1.063874	0.193382	0.101042	0.193197	42	213	259
745	-0.736077	-0.763082	0.135026	20.008043	1.089162	0.151831	0.103776	0.152092	55	123	183
746	-0.692419	-0.719505	0.135429	21.008043	1.063235	0.175018	0.102682	0.174668	33	49	86
747	-0.728665	-0.756442	0.138886	22.008042	1.038513	0.182401	0.104469	0.182827	8	44	56
748	-0.740070	-0.766851	0.133904	23.000712	1.015084	0.170084	0.102301	0.170336	8	44	56
749	-0.728501	-0.754645	0.130721	23.077768	1.013309	0.161348	0.100660	0.161422	8	44	56
750	-0.734861	-0.761612	0.133755	24.073824	0.990917	0.192056	0.102620	0.191484	8	44	56
751	-0.760212	-0.790061	0.149245	25.073824	0.969409	0.168921	0.108525	0.169033	8	44	57
752	-0.727506	-0.754677	0.135858	26.073824	0.948816	0.184937	0.102875	0.185690	7	44	56
753	-0.729473	-0.756533	0.135299	25.099085	0.968878	0.167358	0.102061	0.166374	7	49	60
754	-0.725656	-0.753464	0.139039	26.099073	0.948307	0.185925	0.106103	0.185413	10	120	134
755	-0.712504	-0.739933	0.137142	27.099073	0.928592	0.169041	0.101501	0.169184	59	178	260
756	-0.730565	-0.758742	0.140881	26.124333	0.947799	0.161187	0.106615	0.161685	35	121	163
757	-0.713485	-0.740068	0.132913	25.241679	0.965891	0.188225	0.101299	0.188484	28	75	107
758	-0.735336	-0.763042	0.138530	24.369837	0.984451	0.165644	0.103385	0.165953	7	43	58
759	-0.728432	-0.753616	0.125917	23.395097	1.006066	0.156861	0.098261	0.156663	7	45	56
760	-0.733421	-0.759947	0.132626	24.395097	0.983904	0.150812	0.100920	0.151721	8	43	57
761	-0.724397	-0.751284	0.134439	23.420357	1.005494	0.174951	0.103329	0.174767	7	44	55
762	-0.759458	-0.786959	0.137501	24.420254	0.983359	0.174024	0.103292	0.174394	7	45	55
763	-0.707851	-0.733350	0.127492	23.445515	1.004925	0.145341	0.098268	0.145811	9	46	59
764	-0.770055	-0.796280	0.131126	22.470775	1.027458	0.152880	0.101790	0.153248	7	44	55
765	-0.753039	-0.778987	0.129740	21.496036	1.051025	0.164487	0.099505	0.165134	7	45	56
766	-0.729394	-0.758251	0.144285	20.521340	1.075698	0.182002	0.107190	0.182188	7	44	54
767	-0.745284	-0.773458	0.140871	21.520952	1.050409	0.170263	0.104300	0.170583	7	44	55
768	-0.754949	-0.783726	0.143881	22.520952	1.026274	0.175713	0.106281	0.175110	8	48	59
769	-0.698457	-0.726547	0.140448	21.546212	1.049786	0.171504	0.104779	0.172232	7	44	55
770	-0.716159	-0.742128	0.129845	20.680162	1.071599	0.182630	0.099311	0.182605	7	43	54
771	-0.724372	-0.752264	0.139461	21.680162	1.046491	0.184537	0.104588	0.185085	6	45	56
772	-0.759313	-0.786972	0.138297	22.680162	1.022533	0.149272	0.103915	0.149994	8	43	54
773	-0.747808	-0.776740	0.144663	23.680162	0.999647	0.185445	0.107403	0.185592	6	45	55
774	-0.702871	-0.730063	0.135962	22.705422	1.021942	0.165324	0.101736	0.165299	7	44	55
775	-0.721067	-0.748926	0.139298	23.705422	0.999082	0.179522	0.103633	0.180584	7	45	56
776	-0.738206	-0.764732	0.132628	22.730682	1.021352	0.171301	0.100611	0.171398	7	44	55
777	-0.749305	-0.777774	0.142348	21.756428	1.044624	0.168349	0.104712	0.168080	8	44	56
778	-0.730256	-0.759114	0.144287	22.704424	1.021965	0.184816	0.106782	0.183810	8	43	56
779	-0.712371	-0.739547	0.135881	21.893946	1.041275	0.161359	0.102415	0.161254	7	45	55
780	-0.782402	-0.810109	0.138534	20.919206	1.065488	0.164726	0.103865	0.164683	8	44	56
781	-0.742436	-0.769387	0.134752	20.256758	1.082596	0.172681	0.103509	0.174425	7	45	56
782	-0.747200	-0.774251	0.135255	19.282018	1.108793	0.182307	0.103293	0.183476	8	43	55
783	-0.729157	-0.756427	0.136350	18.424158	1.132920	0.165845	0.102354	0.166209	7	45	57
784	-0.720094	-0.747092	0.134993	19.424122	1.104895	0.175475	0.102881	0.175999	7	47	58
785	-0.703981	-0.729977	0.129980	20.424122	1.078222	0.153061	0.098414	0.153181	8	45	56
786	-0.716586	-0.743488	0.134509	21.424122	1.052807	0.158379	0.102429	0.158764	7	45	56
787	-0.752254	-0.779279	0.135124	20.449382	1.077565	0.173893	0.101831	0.174826	7	45	56
788	-0.723491	-0.749865	0.131869	21.449382	1.052180	0.144933	0.100563	0.144981	8	44	56
789	-0.768879	-0.797910	0.145153	22.449382	1.027964	0.192875	0.106670	0.193876	7	48	60
790	-0.693143	-0.721480	0.141684	23.449382	1.004837	0.194943	0.107793	0.194391	7	45	57
791	-0.746367	-0.775852	0.147424	22.474642	1.027367	0.165293	0.108326	0.164494	7	45	56
792	-0.737716	-0.765633	0.139582	21.499905	1.050929	0.152703	0.104724	0.153152	7	45	57
793	-0.744594	-0.772659	0.140327	22.499905	1.026770	0.169693	0.106445	0.168937	8	43	55
794	-0.725583	-0.753360	0.138887	23.499765	1.003700	0.153044	0.104490	0.153547	7	45	56
795	-0.742326	-0.769780	0.137274	22.525039	1.026177	0.162086	0.103890	0.162155	7	43	54
796	-0.757623	-0.786528	0.144528	21.550300	1.049685	0.180732	0.108288	0.181696	7	43	54
797	-0.738521	-0.764453	0.129657	20.575560	1.074295	0.143640	0.099736	0.144256	7	43	54
798	-0.774085	-0.801026	0.134708	19.615579	1.099686	0.179891	0.101744	0.180129	8	43	55
799	-0.721059	-0.747654	0.132977	20.615579	1.073262	0.166480	0.100659	0.167309	7	44	55
800	-0.729230	-0.756491	0.136305	21.614485	1.048104	0.170883	0.102273	0.170692	7	45	56
801	-0.715192	-0.742336	0.135724	22.614485	1.024073	0.171145	0.102566	0.171074	7	45	56
802	-0.688196	-0.715364	0.135844	21.639745	1.047483	0.180630	0.103898	0.180826	7	46	57
803	-0.732894	-0.759680	0.133929	20.665007	1.071988	0.183486	0.103075	0.183737	7	45	57
804	-0.731712	-0.759780	0.140339	21.665007	1.046863	0.172659	0.106049	0.173338	7	45	56
805	-0.757872	-0.786401	0.142646	22.665007	1.022888	0.172003	0.104513	0.171640	7	45	57
806	-0.707083	-0.733289	0.131026	23.664995	0.999987	0.138432	0.101213	0.138961	7	46	57
807	-0.748705	-0.776390	0.138425	24.664995	0.978088	0.189210	0.102781	0.188934	8	45	57
808	-0.735131	-0.763759	0.143137	23.825964	0.996396	0.150712	0.106391	0.150935	8	45	57
809	-0.746437	-0.774833	0.141980	22.851225	1.018544	0.176607	0.108029	0.176869	7	44	55
810	-0.706221	-0.733241	0.135100	23.851223	0.995835	0.171949	0.104460	0.172061	6	47	57
811	-0.755852	-0.783012	0.135799	24.851223	0.974116	0.167280	0.103013	0.167497	8	47	58
812	-0.778057	-0.807400	0.146716	25.851223	0.953324	0.178186	0.108026	0.178577	7	46	57
813	-0.744304	-0.772769	0.142325	26.851223	0.933401	0.180797	0.105756	0.180588	7	45	56
814	-0.748431	-0.775234	0.134015	25.876483	0.952810	0.174119	0.103221	0.174202	8	44	56
815	-0.742569	-0.771435	0.144329	24.901744	0.973044	0.185911	0.107183	0.186506	7	44	55
816	-0.722194	-0.749968	0.138872	23.927004	0.994155	0.173597	0.102534	0.173117	7	48	60
817	-0.753263	-0.780825	0.137813	24.926967	0.972509	0.160791	0.104334	0.160720	11	56	71
818	-0.698874	-0.726669	0.138974	25.926967	0.951785	0.165814	0.105353	0.166728	7	44	55
819	-0.714437	-0.741417	0.134903	24.952228	0.971975	0.143991	0.100971	0.144142	7	44	55
820	-0.741520	-0.769219	0.138493	25.949931	0.951320	0.166710	0.104354	0.167272	8	43	55
821	-0.748201	-0.775215	0.135069	24.975191	0.971489	0.174643	0.101612	0.175063	7	45	55
822	-0.738949	-0.766111	0.135808	25.975181	0.950809	0.145062	0.103653	0.146432	7	44	55
823	-0.748036	-0.775011	0.134877	25.002449	0.970914	0.165003	0.103141	0.165650	7	44	55
824	-0.712923	-0.741894	0.144857	24.027710	0.991931	0.154933	0.109809	0.154639	7	44	55
825	-0.773727	-0.803380	0.148262	23.053004	1.013879	0.189368	0.107513	0.189416	8	50	62
826	-0.754168	-0.783248	0.145401	22.078289	1.036819	0.164659	0.105404	0.164866	13	161	182
827	-0.723617	-0.750474	0.134286	23.078238	1.013298	0.168481	0.104503	0.168718	39	183	225
828	-0.729740	-0.758451	0.143553	22.103498	1.036213	0.169336	0.108519	0.168909	33	143	180
829	-0.741059	-0.769251	0.140960	21.128759	1.060188	0.190768	0.107082	0.191102	36	105	145
830	-0.735342	-0.763141	0.138997	22.128759	1.035606	0.188990	0.105327	0.187740	7	46	58
831	-0.768971	-0.797308	0.141690	23.128759	1.012138	0.179410	0.103295	0.179770	7	43	54
832	-0.757529	-0.787657	0.150642	22.154019	1.035000	0.177451	0.111112	0.177783	7	44	56
833	-0.700091	-0.726631	0.132702	21.179280	1.058918	0.130827	0.102595	0.131915	7	44	55
834	-0.734160	-0.762293	0.140666	22.164404	1.034751	0.173125	0.103024	0.173674	7	45	56
835	-0.741308	-0.770140	0.144160	21.189664	1.058657	0.187395	0.105761	0.187778	7	44	55
836	-0.749217	-0.777318	0.140503	22.189664	1.034146	0.182887	0.103721	0.182856	7	46	57
837	-0.705163	-0.733074	0.139554	21.214925	1.058024	0.153318	0.104248	0.153512	8	50	62
838	-0.737944	-0.768121	0.150883	22.214925	1.033541	0.154378	0.109493	0.153959	28	181	231
839	-0.759190	-0.787249	0.140298	21.248448	1.057184	0.163286	0.104133	0.163327	37	206	247
840	-0.708184	-0.734039	0.129274	22.248447	1.032740	0.156252	0.099115	0.156503	31	53	88
841	-0.727803	-0.755355	0.137760	23.248447	1.009400	0.202352	0.101774	0.202041	16	59	79
842	-0.698451	-0.725203	0.133760	22.273708	1.032137	0.140963	0.100484	0.140486	7	55	66
843	-0.729695	-0.756202	0.132531	21.298968	1.055922	0.141999	0.101104	0.141357	7	56	67
844	-0.736868	-0.764519	0.138254	20.324229	1.080828	0.161181	0.103779	0.161104	8	56	68
845	-0.728205	-0.755531	0.136634	21.324229	1.055292	0.157511	0.101307	0.157824	7	55	67
846	-0.736227	-0.764770	0.142716	22.324229	1.030934	0.173096	0.104766	0.173565	8	44	56
847	-0.739734	-0.767950	0.141082	21.349690	1.054657	0.174722	0.105137	0.173408	8	49	61
848	-0.718905	-0.746577	0.138363	22.349690	1.030328	0.158632	0.107247	0.158816	7	43	57
849	-0.726026	-0.754053	0.140134	23.345218	1.007198	0.164064	0.104576	0.164226	7	44	57
850	-0.735078	-0.762967	0.139443	22.370478	1.029834	0.164847	0.101744	0.165373	8	43	55
851	-0.777645	-0.807766	0.150608	21.742869	1.044956	0.174839	0.110483	0.174306	7	44	55
852	-0.718860	-0.746024	0.135819	22.724081	1.021506	0.162516	0.101834	0.162944	7	48	60
853	-0.745259	-0.774021	0.143809	23.724081	0.998666	0.145147	0.106743	0.144524	7	44	55
854	-0.721280	-0.750271	0.144956	22.749341	1.020916	0.141838	0.106163	0.142055	8	44	55
855	-0.757709	-0.786116	0.142036	21.804315	1.043456	0.160918	0.106951	0.161121	7	45	56
856	-0.749998	-0.777969	0.139851	20.829576	1.067771	0.194977	0.105476	0.195251	7	43	54
857	-0.714050	-0.741253	0.136017	19.870631	1.092824	0.165239	0.100549	0.166269	8	45	57
858	-0.735170	-0.764838	0.148342	20.870631	1.066724	0.166935	0.108689	0.166866	7	43	55
859	-0.727666	-0.757131	0.147325	21.870631	1.041841	0.181484	0.110254	0.180821	7	46	57
860	-0.756373	-0.784941	0.142839	22.870631	1.018093	0.172070	0.108640	0.171606	8	44	56
861	-0.739848	-0.768351	0.142511	21.895913	1.041227	0.168239	0.106239	0.169010	7	46	57
862	-0.740082	-0.768788	0.143529	20.921174	1.065438	0.186720	0.107053	0.186060	9	44	56
863	-0.715788	-0.744993	0.146028	21.921172	1.040615	0.165183	0.108750	0.165077	8	44	56
864	-0.724581	-0.752591	0.140051	22.921172	1.016922	0.164690	0.102663	0.164593	7	45	56
865	-0.760887	-0.789474	0.142933	23.921172	0.994284	0.169203	0.105636	0.169499	7	44	56
866	-0.737232	-0.766074	0.144209	22.946433	1.016337	0.147591	0.109079	0.148052	7	43	54
867	-0.732267	-0.760469	0.141014	21.971693	1.039391	0.173841	0.105077	0.174646	7	45	56
868	-0.705224	-0.733981	0.143783	22.969666	1.015800	0.179823	0.106281	0.180502	7	43	55
869	-0.711397	-0.738892	0.137475	21.994927	1.038830	0.172152	0.103738	0.171589	7	44	56
870	-0.768947	-0.798607	0.148300	22.989270	1.015348	0.165893	0.109296	0.165486	8	43	55
871	-0.774034	-0.805377	0.156716	23.989270	0.992779	0.186838	0.111028	0.187229	8	45	57
872	-0.732184	-0.760533	0.141749	23.014530	1.014765	0.161273	0.105151	0.161199	7	44	55
873	-0.711089	-0.740260	0.145859	23.268835	1.008936	0.156810	0.106869	0.157483	8	44	56
874	-0.774228	-0.803563	0.146672	22.294095	1.031651	0.168718	0.108934	0.168735	7	44	55
875	-0.722310	-0.751489	0.145896	21.319356	1.055413	0.198682	0.107957	0.198689	9	45	57
876	-0.723780	-0.750804	0.135119	22.319356	1.031050	0.180059	0.101932	0.179503	7	44	55
877	-0.732925	-0.760397	0.137359	21.578402	1.048992	0.145505	0.103121	0.146530	11	44	59
878	-0.737608	-0.766804	0.145980	20.622316	1.073088	0.173034	0.107176	0.173033	7	45	56
879	-0.726565	-0.755798	0.146166	21.622316	1.047911	0.194032	0.109643	0.194187	8	42	55
880	-0.738693	-0.766552	0.139296	20.647619	1.072436	0.168603	0.103545	0.168999	8	43	56
881	-0.720800	-0.750410	0.148048	19.672879	1.098137	0.161374	0.107496	0.161523	15	43	63
882	-0.746920	-0.776073	0.145763	18.698140	1.125101	0.183913	0.106789	0.184114	8	44	57
883	-0.778110	-0.806396	0.141430	19.698117	1.097456	0.161247	0.106083	0.161430	7	44	55
884	-0.729276	-0.757465	0.140947	18.723377	1.124386	0.167475	0.106617	0.167784	7	45	56
885	-0.746319	-0.774469	0.140751	19.723340	1.096776	0.164315	0.103908	0.165185	7	43	55
886	-0.711943	-0.740156	0.141061	18.748601	1.123672	0.183937	0.106169	0.185184	7	44	56
887	-0.738273	-0.768115	0.149209	17.851669	1.149613	0.184141	0.108908	0.183772	7	45	56
888	-0.740347	-0.768885	0.142686	18.851669	1.120766	0.157352	0.105198	0.157404	8	44	56
889	-0.760784	-0.788862	0.140389	17.876929	1.148867	0.171552	0.103907	0.171724	7	44	55
890	-0.762973	-0.791602	0.143147	16.902189	1.178412	0.162058	0.105910	0.162294	7	45	57
891	-0.746994	-0.775773	0.143895	15.927450	1.209518	0.175629	0.106670	0.175293	7	43	54
892	-0.765141	-0.795113	0.149862	14.952710	1.242310	0.160648	0.108678	0.160312	8	45	57
893	-0.722172	-0.750598	0.142129	13.977970	1.276929	0.159870	0.104066	0.159741	7	45	56
894	-0.757455	-0.786921	0.147329	14.972317	1.241633	0.176192	0.109169	0.175543	7	45	56
895	-0.751950	-0.782100	0.150749	14.098574	1.272542	0.162625	0.109930	0.162682	7	43	54
896	-0.729916	-0.758447	0.142652	15.098574	1.237290	0.162021	0.105611	0.162761	8	44	56
897	-0.782139	-0.811527	0.146938	16.097542	1.203972	0.156348	0.108211	0.156309	7	45	55
898	-0.725370	-0.751673	0.131514	17.097542	1.172370	0.191671	0.099564	0.191894	7	44	55
899	-0.727849	-0.755828	0.139895	17.807654	1.150917	0.157381	0.104389	0.157158	8	44	56
900	-0.726519	-0.756756	0.151183	16.832914	1.180570	0.160219	0.110187	0.160053	7	48	60
901	-0.751642	-0.780659	0.145089	15.858175	1.211791	0.188824	0.106859	0.189289	7	43	55
902	-0.736761	-0.767651	0.154452	16.858175	1.179782	0.204497	0.113157	0.204948	7	44	56
903	-0.737701	-0.767328	0.148132	15.883435	1.210961	0.173109	0.107899	0.172522	7	43	54
904	-0.713894	-0.741686	0.138960	16.883435	1.178996	0.184515	0.102392	0.185368	7	46	57
905	-0.762859	-0.792525	0.148330	15.908695	1.210132	0.183161	0.107133	0.183417	7	44	55
906	-0.749258	-0.778092	0.144172	16.879010	1.179133	0.168809	0.106346	0.168319	10	43	57
907	-0.727616	-0.759042	0.157129	17.562186	1.158244	0.172455	0.113235	0.172907	8	43	55
908	-0.721461	-0.753267	0.159030	18.562186	1.128967	0.162250	0.113731	0.162031	7	44	55
909	-0.714958	-0.743430	0.142361	19.561442	1.101154	0.159092	0.108623	0.160146	7	43	54
910	-0.722484	-0.752069	0.147926	18.596975	1.127975	0.187814	0.107997	0.187689	9	44	57
911	-0.743759	-0.773204	0.147223	19.596975	1.100190	0.157469	0.109354	0.158310	7	44	56
912	-0.735241	-0.764410	0.145844	20.596975	1.073742	0.177078	0.105933	0.176820	8	44	56
913	-0.723279	-0.752436	0.145788	19.622235	1.099506	0.149649	0.107617	0.150202	7	44	55
914	-0.734622	-0.763763	0.145703	20.622235	1.073090	0.165489	0.106289	0.165506	8	43	55
915	-0.752764	-0.782157	0.146969	19.647496	1.098823	0.170018	0.107977	0.170611	7	44	55
916	-0.709132	-0.738123	0.144954	20.647488	1.072439	0.177734	0.108107	0.178318	9	45	58
917	-0.722045	-0.750432	0.141935	19.672749	1.098141	0.188424	0.104839	0.188264	7	48	59
918	-0.726412	-0.755788	0.146876	18.778996	1.122814	0.169656	0.107573	0.169917	9	63	76
919	-0.709533	-0.738949	0.147080	19.778995	1.095280	0.157042	0.107199	0.157486	12	70	86
920	-0.764986	-0.793962	0.144877	18.804256	1.122101	0.182082	0.106901	0.181150	13	61	78
921	-0.741491	-0.769849	0.141791	19.804256	1.094602	0.149638	0.104020	0.149681	9	62	75
922	-0.747180	-0.776677	0.147487	20.804256	1.068418	0.174164	0.108138	0.174267	12	58	76
923	-0.751722	-0.783003	0.156405	19.829516	1.093924	0.182975	0.111428	0.183799	8	48	60
924	-0.723310	-0.752663	0.146766	18.854776	1.120679	0.158252	0.107173	0.158958	8	49	61
925	-0.757535	-0.785016	0.137407	17.880037	1.148775	0.170194	0.103618	0.170058	9	62	75
926	-0.726323	-0.754618	0.141475	16.905690	1.178303	0.154023	0.106297	0.154076	11	54	69
927	-0.735408	-0.764911	0.147512	15.931002	1.209401	0.170973	0.107146	0.170491	10	53	67
928	-0.750519	-0.779006	0.142431	14.956263	1.242187	0.162857	0.104310	0.163430	10	49	63
929	-0.718372	-0.749184	0.154061	13.981523	1.276800	0.187160	0.111866	0.187327	7	49	60
930	-0.768109	-0.796922	0.144065	14.981523	1.241315	0.177138	0.105673	0.177424	9	48	61
931	-0.711395	-0.739853	0.142290	15.965750	1.208264	0.163897	0.104576	0.163974	8	47	59
932	-0.744998	-0.774790	0.148956	14.991011	1.240988	0.183127	0.107112	0.182654	9	48	61
933	-0.732602	-0.762769	0.150833	15.956144	1.208579	0.144080	0.109325	0.145517	7	44	56
934	-0.722872	-0.751754	0.144408	14.981404	1.241319	0.154400	0.104708	0.154110	9	46	59
935	-0.727124	-0.758825	0.158502	15.865624	1.211546	0.203547	0.112486	0.203319	7	44	56
936	-0.736594	-0.763916	0.136611	16.865624	1.179550	0.157197	0.101854	0.156592	9	43	56
937	-0.712453	-0.740857	0.142021	17.863634	1.149260	0.145953	0.106280	0.145935	7	45	56
938	-0.715650	-0.744800	0.145749	18.863633	1.120430	0.173786	0.107552	0.174313	7	44	55
939	-0.748266	-0.778180	0.149572	17.888893	1.148513	0.186254	0.110302	0.186397	7	43	54
940	-0.719903	-0.748983	0.145400	16.914153	1.178040	0.161929	0.106188	0.162752	8	43	55
941	-0.714603	-0.742834	0.141156	17.914153	1.147768	0.165359	0.104468	0.165673	8	46	57
942	-0.730063	-0.759615	0.147759	18.914153	1.119012	0.158693	0.107789	0.159428	7	44	56
943	-0.752703	-0.782962	0.151294	17.939413	1.147023	0.165754	0.107775	0.165570	7	45	55
944	-0.766127	-0.795713	0.147933	18.939413	1.118304	0.159448	0.108068	0.160664	7	45	55
945	-0.741425	-0.771056	0.148157	19.938969	1.091000	0.182277	0.108967	0.181978	7	45	56
946	-0.746682	-0.775387	0.143525	20.613448	1.073317	0.168785	0.105104	0.168503	7	48	59
947	-0.705432	-0.734507	0.145376	21.609702	1.048221	0.145973	0.105358	0.146663	8	119	130
948	-0.742041	-0.771989	0.149740	22.609702	1.024185	0.181657	0.108680	0.182514	35	141	181
949	-0.742374	-0.770379	0.140025	21.634963	1.047600	0.166937	0.103671	0.167385	30	52	86
950	-0.707137	-0.737292	0.150774	22.634963	1.023592	0.163274	0.111370	0.163186	9	44	57
951	-0.750536	-0.778200	0.138320	23.634963	1.000660	0.170893	0.102119	0.170877	8	51	64
952	-0.754060	-0.783324	0.146320	24.255146	0.986946	0.189540	0.108162	0.190439	8	44	56
953	-0.727815	-0.756566	0.143757	25.255146	0.965609	0.146306	0.104598	0.145863	8	45	58
954	-0.744721	-0.774116	0.146975	24.280424	0.986395	0.146899	0.106472	0.147146	7	43	54
955	-0.746848	-0.775379	0.142655	23.306730	1.008073	0.169700	0.105342	0.169798	10	44	58
956	-0.769716	-0.799590	0.149367	24.193814	0.988286	0.179752	0.108254	0.180255	7	45	56
957	-0.730083	-0.758855	0.143859	25.193814	0.966891	0.182834	0.105510	0.182926	8	52	64
958	-0.745830	-0.776524	0.153471	24.333599	0.985238	0.150842	0.109535	0.151165	15	195	214
959	-0.697915	-0.724085	0.130851	23.358859	1.006888	0.165112	0.098033	0.164844	36	100	141
960	-0.742072	-0.772083	0.150053	22.384121	1.029510	0.178280	0.106836	0.178172	9	44	57
961	-0.752276	-0.782422	0.150729	23.377866	1.006457	0.187754	0.109610	0.187183	8	45	57
962	-0.721447	-0.750664	0.146084	24.377859	0.984277	0.167729	0.106694	0.168136	7	44	56
963	-0.730771	-0.760572	0.149008	25.377859	0.963054	0.172121	0.108216	0.172836	7	46	56
964	-0.722986	-0.751013	0.140134	24.403120	0.983730	0.168099	0.103289	0.168556	8	44	56
965	-0.736619	-0.767566	0.154736	25.403120	0.962530	0.161779	0.109831	0.163207	7	44	55
966	-0.720357	-0.747892	0.137679	24.428380	0.983183	0.166609	0.103638	0.166118	7	44	55
967	-0.724982	-0.754280	0.146487	25.427803	0.962018	0.174075	0.106129	0.174313	7	46	57
968	-0.762429	-0.791297	0.144341	26.427803	0.941735	0.164425	0.104151	0.164739	7	45	56
969	-0.741041	-0.772535	0.157471	27.427803	0.922288	0.152374	0.110712	0.152395	9	45	58
970	-0.748693	-0.777380	0.143438	28.427803	0.903629	0.235572	0.105431	0.235720	8	48	59
971	-0.726886	-0.755736	0.144251	27.453073	0.921807	0.166395	0.103760	0.166006	8	64	76
972	-0.735227	-0.764089	0.144308	26.478335	0.940732	0.199865	0.105975	0.200762	8	98	112
973	-0.731581	-0.762403	0.154108	27.478335	0.921327	0.152886	0.109433	0.153720	8	44	57
974	-0.752213	-0.782468	0.151273	26.503595	0.940232	0.153906	0.110171	0.154620	8	44	56
975	-0.735127	-0.764782	0.148275	27.503595	0.920847	0.165735	0.106515	0.166186	7	45	56
976	-0.668829	-0.698011	0.145910	26.528856	0.939732	0.180264	0.106053	0.179673	9	45	58
977	-0.722446	-0.753253	0.154032	25.554117	0.959408	0.172986	0.114505	0.173923	7	43	54
978	-0.753425	-0.783507	0.150411	26.554117	0.939233	0.179920	0.109827	0.179234	8	45	57
979	-0.728669	-0.759845	0.155880	27.554117	0.919889	0.153111	0.113631	0.152607	8	44	55
980	-0.757773	-0.786256	0.142416	28.554117	0.901326	0.168222	0.105089	0.168478	9	43	56
981	-0.727422	-0.758342	0.154600	27.579377	0.919411	0.172082	0.114639	0.172654	8	44	56
982	-0.737036	-0.767963	0.154633	26.604637	0.938236	0.165339	0.113122	0.166151	7	44	55
983	-0.694625	-0.723671	0.145230	27.604637	0.918933	0.152440	0.107155	0.152517	7	45	57
984	-0.750430	-0.778558	0.140641	26.629898	0.937739	0.186634	0.105611	0.186472	9	44	57
985	-0.725938	-0.753909	0.139853	27.626007	0.918529	0.176790	0.102500	0.177461	7	46	57
986	-0.732132	-0.761754	0.148110	26.651268	0.937318	0.155505	0.108746	0.155897	8	43	55
987	-0.718609	-0.748217	0.148037	27.648033	0.918113	0.249691	0.108344	0.249935	8	44	56
988	-0.765871	-0.794377	0.142528	28.648033	0.899621	0.180487	0.105766	0.180394	7	44	55
989	-0.722782	-0.752207	0.147125	27.673293	0.917637	0.143552	0.108147	0.145087	8	45	56
990	-0.723582	-0.751610	0.140140	28.673293	0.899163	0.154770	0.102939	0.155109	7	44	55
991	-0.744333	-0.773965	0.148160	27.698585	0.917160	0.151968	0.106564	0.152854	7	46	57
992	-0.755518	-0.785974	0.152283	28.698495	0.898707	0.161209	0.109133	0.161349	7	44	55
993	-0.743718	-0.773746	0.150141	29.698405	0.880982	0.142562	0.108926	0.142732	7	46	57
994	-0.698742	-0.728409	0.148334	28.821587	0.896487	0.163215	0.107546	0.164299	7	47	58
995	-0.727404	-0.758084	0.153400	29.821485	0.878849	0.179423	0.109629	0.180013	7	46	57
996	-0.778519	-0.809101	0.152909	28.846746	0.896034	0.189388	0.110048	0.189347	7	44	55
997	-0.705792	-0.733414	0.138111	29.838965	0.878547	0.151359	0.103712	0.151989	7	45	56
998	-0.776914	-0.807671	0.153785	28.864226	0.895720	0.196205	0.111382	0.196202	7	45	56
999	-0.712404	-0.742262	0.149292	27.889529	0.913578	0.159846	0.107913	0.159836	10	44	58
