1:ItNr	2:Metric	2:Metric0	2:Metric1	3a:Time	3b:StepSize	4:||Gradient0||	4:||Gradient1||	4:||Gradient||	Time0[ms]	Time1[ms]	Time[ms]
0	-0.727740	-0.729845	0.010528	0.000000	0.678227	0.101709	0.005064	0.101629	7	45	7288
1	-0.769394	-0.771519	0.010625	0.000000	0.678227	0.104539	0.005126	0.104556	7	61	69
2	-0.737195	-0.739288	0.010469	1.000000	0.647398	0.099803	0.005054	0.099665	8	53	63
3	-0.741221	-0.743416	0.010978	0.048500	0.676664	0.095193	0.005414	0.095115	7	58	65
4	-0.758824	-0.760976	0.010759	0.000000	0.678227	0.118848	0.005206	0.118712	7	45	52
5	-0.701462	-0.703618	0.010781	1.000000	0.647398	0.097297	0.005197	0.097338	7	52	60
6	-0.748913	-0.751108	0.010973	0.048500	0.676664	0.111227	0.005336	0.111189	7	47	54
7	-0.753173	-0.755397	0.011120	0.000000	0.678227	0.110682	0.005386	0.110693	9	73	83
8	-0.724661	-0.726731	0.010353	0.000000	0.678227	0.105011	0.004965	0.104984	7	71	79
9	-0.710898	-0.713066	0.010840	0.999787	0.647405	0.113039	0.005209	0.112925	10	57	68
10	-0.743446	-0.745620	0.010873	0.048287	0.676671	0.119079	0.005195	0.118969	11	43	55
11	-0.723904	-0.726076	0.010858	1.048287	0.645981	0.112170	0.005222	0.112037	6	85	92
12	-0.761604	-0.763778	0.010873	0.096787	0.675115	0.105012	0.005167	0.104891	9	84	94
13	-0.764083	-0.766312	0.011143	0.000000	0.678227	0.106491	0.005354	0.106385	9	60	70
14	-0.730847	-0.733028	0.010906	0.000000	0.678227	0.121628	0.005238	0.121434	8	55	64
15	-0.751366	-0.753577	0.011054	1.000000	0.647398	0.109449	0.005294	0.109349	7	45	53
16	-0.743038	-0.745341	0.011512	0.049123	0.676644	0.099935	0.005567	0.100086	8	54	63
17	-0.735583	-0.737815	0.011160	0.000000	0.678227	0.096351	0.005308	0.096124	7	50	59
18	-0.722077	-0.724318	0.011205	0.998821	0.647433	0.104431	0.005396	0.104469	7	47	56
19	-0.740146	-0.742448	0.011508	1.998466	0.619292	0.111261	0.005527	0.111221	7	50	57
20	-0.748513	-0.750732	0.011098	1.646557	0.628915	0.109974	0.005256	0.110037	9	46	56
21	-0.722010	-0.724195	0.010928	0.695057	0.656498	0.110482	0.005210	0.110441	7	51	59
22	-0.731029	-0.733245	0.011083	1.695057	0.627571	0.111947	0.005320	0.111906	7	43	51
23	-0.719595	-0.721889	0.011472	2.695057	0.601086	0.100564	0.005623	0.100738	7	52	60
24	-0.744487	-0.746782	0.011475	1.743557	0.626233	0.117160	0.005653	0.116996	8	43	52
25	-0.732015	-0.734240	0.011126	2.743556	0.599858	0.102159	0.005312	0.102131	6	52	58
26	-0.738360	-0.740635	0.011373	1.793064	0.624873	0.104706	0.005476	0.104724	8	43	51
27	-0.736182	-0.738437	0.011273	0.841564	0.652095	0.109220	0.005357	0.109182	8	49	58
28	-0.723279	-0.725512	0.011167	0.000000	0.678227	0.103384	0.005381	0.103175	8	42	51
29	-0.745676	-0.747933	0.011286	0.999992	0.647399	0.112401	0.005463	0.112317	7	47	55
30	-0.750474	-0.752732	0.011291	0.049186	0.676642	0.117269	0.005403	0.117045	7	48	56
31	-0.774609	-0.776927	0.011590	0.000000	0.678227	0.105270	0.005533	0.105161	7	46	55
32	-0.756749	-0.759107	0.011790	0.000000	0.678227	0.122256	0.005716	0.121987	10	42	52
33	-0.758106	-0.760515	0.012048	0.842323	0.652072	0.094082	0.005806	0.093966	6	49	56
34	-0.740683	-0.742979	0.011483	0.000000	0.678227	0.085919	0.005450	0.085899	6	44	51
35	-0.750219	-0.752546	0.011633	1.000000	0.647398	0.095962	0.005644	0.095871	7	45	52
36	-0.676123	-0.678375	0.011261	2.000000	0.619251	0.110295	0.005340	0.110416	6	52	59
37	-0.754795	-0.757184	0.011947	3.000000	0.593449	0.109595	0.005719	0.109392	12	68	81
38	-0.731848	-0.734212	0.011821	2.048499	0.617948	0.085442	0.005688	0.085293	7	86	94
39	-0.738628	-0.741031	0.012016	1.283543	0.639161	0.096493	0.005673	0.096283	9	42	52
40	-0.746164	-0.748562	0.011993	2.283483	0.611711	0.097807	0.005694	0.097852	6	51	59
41	-0.736304	-0.738734	0.012148	1.332270	0.637766	0.085120	0.005773	0.084776	7	43	50
42	-0.755696	-0.758136	0.012197	0.381267	0.666133	0.121541	0.005817	0.121710	6	63	70
43	-0.708921	-0.711209	0.011439	1.381267	0.636370	0.105981	0.005326	0.105917	7	50	58
44	-0.747397	-0.749788	0.011952	1.709946	0.627160	0.114288	0.005729	0.114154	6	54	61
45	-0.751538	-0.753982	0.012220	0.758446	0.654586	0.094795	0.005828	0.094659	8	43	52
46	-0.746347	-0.748739	0.011959	0.000000	0.678227	0.106547	0.005697	0.106593	8	58	67
47	-0.756209	-0.758613	0.012018	0.999999	0.647398	0.114255	0.005707	0.114144	7	63	72
48	-0.731787	-0.734162	0.011876	0.048498	0.676664	0.101139	0.005631	0.101019	7	49	57
49	-0.779603	-0.781961	0.011790	0.000000	0.678227	0.104382	0.005594	0.104426	6	47	54
50	-0.749192	-0.751627	0.012171	0.000000	0.678227	0.119756	0.005767	0.119638	6	42	49
51	-0.746204	-0.748611	0.012037	1.000000	0.647398	0.104735	0.005766	0.104704	7	47	56
52	-0.761072	-0.763499	0.012132	0.048500	0.676664	0.096995	0.005801	0.096806	8	42	50
53	-0.734474	-0.736836	0.011810	0.000000	0.678227	0.107259	0.005545	0.107180	6	55	62
54	-0.743199	-0.745581	0.011905	0.000000	0.678227	0.106427	0.005586	0.106319	6	44	50
55	-0.757009	-0.759465	0.012279	0.000000	0.678227	0.094163	0.005845	0.093947	6	60	68
56	-0.779585	-0.782170	0.012923	0.999990	0.647399	0.114448	0.006195	0.114236	7	42	49
57	-0.749048	-0.751598	0.012752	1.910216	0.621677	0.112543	0.006070	0.112533	7	47	55
58	-0.787192	-0.789732	0.012699	2.910216	0.595677	0.108106	0.006108	0.108077	11	46	58
59	-0.746233	-0.748703	0.012352	1.958715	0.620364	0.102953	0.005894	0.102770	8	55	63
60	-0.761766	-0.764249	0.012415	1.007261	0.647185	0.101595	0.005848	0.101418	8	53	62
61	-0.758658	-0.761115	0.012283	0.055760	0.676431	0.105446	0.005728	0.105378	6	51	58
62	-0.766806	-0.769373	0.012833	1.055760	0.645762	0.125738	0.006199	0.125685	8	44	52
63	-0.739011	-0.741539	0.012639	0.104295	0.674875	0.092614	0.005977	0.092390	7	50	58
64	-0.750252	-0.752719	0.012336	0.000000	0.678227	0.103587	0.005803	0.103628	7	42	49
65	-0.754145	-0.756699	0.012772	0.000000	0.678227	0.109294	0.006085	0.109346	6	49	56
66	-0.739356	-0.741864	0.012542	0.999999	0.647398	0.125952	0.005932	0.125828	11	80	92
67	-0.829228	-0.831785	0.012784	0.048499	0.676664	0.114852	0.006067	0.114677	13	82	96
68	-0.728559	-0.731068	0.012544	0.000000	0.678227	0.114240	0.005909	0.114279	13	94	108
69	-0.755701	-0.758155	0.012272	0.000000	0.678227	0.118723	0.005824	0.118629	12	119	132
70	-0.735419	-0.737989	0.012850	1.000000	0.647398	0.102791	0.006070	0.102739	7	47	55
71	-0.735179	-0.737711	0.012657	0.048500	0.676664	0.103665	0.005947	0.103754	6	52	59
72	-0.766036	-0.768658	0.013110	1.048500	0.645974	0.110489	0.006302	0.110258	7	42	49
73	-0.747133	-0.749792	0.013295	2.048500	0.617948	0.102567	0.006312	0.102636	6	52	59
74	-0.717742	-0.720211	0.012345	1.096999	0.644557	0.097139	0.005774	0.097162	6	43	50
75	-0.749340	-0.751908	0.012839	0.209894	0.671515	0.103760	0.006077	0.103687	6	50	58
76	-0.747887	-0.750497	0.013047	1.059006	0.645667	0.104167	0.006199	0.104058	6	43	49
77	-0.739826	-0.742440	0.013069	0.107505	0.674773	0.099744	0.006175	0.099484	7	50	57
78	-0.773846	-0.776473	0.013134	0.000000	0.678227	0.116829	0.006200	0.116688	6	43	50
79	-0.759340	-0.762028	0.013438	0.000000	0.678227	0.112671	0.006299	0.112608	6	52	60
80	-0.725808	-0.728408	0.012998	0.000000	0.678227	0.099230	0.006128	0.099161	7	42	50
81	-0.764638	-0.767275	0.013184	0.000000	0.678227	0.111863	0.006264	0.111878	7	47	54
82	-0.718998	-0.721556	0.012792	0.000000	0.678227	0.104916	0.005944	0.104802	7	43	51
83	-0.728628	-0.731196	0.012838	0.999905	0.647401	0.111123	0.006033	0.111021	7	50	57
84	-0.787115	-0.789719	0.013019	0.048405	0.676667	0.106650	0.006119	0.106491	6	42	50
85	-0.733722	-0.736331	0.013044	1.048405	0.645977	0.112901	0.006155	0.112755	6	58	64
86	-0.720896	-0.723506	0.013049	0.552094	0.660853	0.097137	0.006140	0.097188	6	48	55
87	-0.720896	-0.723532	0.013179	0.000000	0.678227	0.117653	0.006308	0.117483	6	61	68
88	-0.738720	-0.741354	0.013168	0.000000	0.678227	0.099738	0.006159	0.099563	13	46	59
89	-0.736444	-0.739099	0.013274	0.999998	0.647398	0.106534	0.006255	0.106570	12	47	61
90	-0.763417	-0.766040	0.013117	0.309094	0.668389	0.128831	0.006167	0.128627	13	55	68
91	-0.792743	-0.795472	0.013641	1.303745	0.638582	0.096967	0.006457	0.096989	6	51	58
92	-0.723468	-0.726115	0.013235	2.303745	0.611179	0.092390	0.006168	0.092247	18	54	73
93	-0.765280	-0.767880	0.012999	3.303745	0.586032	0.111315	0.006174	0.111354	6	50	58
94	-0.715592	-0.718192	0.013001	4.303745	0.562872	0.102652	0.006063	0.102676	8	48	56
95	-0.755961	-0.758654	0.013463	3.352244	0.584865	0.099843	0.006252	0.099671	6	42	49
96	-0.740406	-0.742988	0.012913	2.406574	0.608494	0.087251	0.005944	0.087205	6	51	58
97	-0.755451	-0.758170	0.013598	1.455074	0.634278	0.098364	0.006412	0.098245	7	44	53
98	-0.782698	-0.785406	0.013537	2.411725	0.608360	0.106702	0.006354	0.106514	7	53	60
99	-0.735007	-0.737797	0.013949	3.126984	0.590325	0.110808	0.006525	0.110615	7	42	49
100	-0.719173	-0.721827	0.013271	2.175483	0.614562	0.102132	0.006230	0.101950	6	51	58
101	-0.734751	-0.737437	0.013428	3.168342	0.589315	0.099433	0.006183	0.099382	6	43	51
102	-0.755887	-0.758629	0.013710	2.224224	0.613272	0.115909	0.006392	0.115743	7	52	59
103	-0.718503	-0.721252	0.013745	3.224224	0.587955	0.105296	0.006433	0.105250	6	44	51
104	-0.771517	-0.774277	0.013802	2.272724	0.611994	0.118973	0.006416	0.118701	6	52	59
105	-0.776190	-0.779009	0.014098	3.251471	0.587295	0.117043	0.006680	0.116897	6	41	48
106	-0.739694	-0.742535	0.014201	2.299971	0.611278	0.118076	0.006609	0.118019	6	50	57
107	-0.722675	-0.725472	0.013984	3.299971	0.586123	0.123031	0.006488	0.122909	11	41	53
108	-0.757319	-0.760117	0.013990	4.299970	0.562956	0.122022	0.006498	0.121751	6	49	56
109	-0.748279	-0.751160	0.014409	3.348470	0.584955	0.106508	0.006780	0.106593	6	52	59
110	-0.752819	-0.755635	0.014083	2.396970	0.608744	0.109582	0.006512	0.109596	12	47	60
111	-0.755409	-0.758228	0.014096	1.445469	0.634550	0.082517	0.006597	0.082545	6	41	48
112	-0.719239	-0.722032	0.013965	2.445469	0.607485	0.096505	0.006470	0.096446	6	50	57
113	-0.743800	-0.746669	0.014345	2.542184	0.604989	0.089628	0.006654	0.089511	8	47	56
114	-0.752827	-0.755630	0.014016	1.590684	0.630471	0.116748	0.006483	0.116469	6	50	57
115	-0.713983	-0.716743	0.013799	0.641773	0.658115	0.114330	0.006387	0.114155	6	42	49
116	-0.753127	-0.755975	0.014238	0.000000	0.678227	0.099428	0.006616	0.099378	7	47	56
117	-0.739591	-0.742402	0.014056	0.000000	0.678227	0.104122	0.006530	0.104100	7	41	48
118	-0.749230	-0.752133	0.014519	0.987760	0.647759	0.103137	0.006810	0.102992	7	53	61
119	-0.755237	-0.758134	0.014483	1.980050	0.619788	0.102233	0.006675	0.102319	8	48	57
120	-0.736515	-0.739294	0.013893	1.028549	0.646559	0.091560	0.006415	0.091489	7	49	57
121	-0.754946	-0.757831	0.014425	0.077049	0.675748	0.110207	0.006675	0.110142	6	44	51
122	-0.713580	-0.716513	0.014668	0.000000	0.678227	0.097799	0.006838	0.097636	7	55	63
123	-0.754870	-0.757683	0.014065	0.000000	0.678227	0.097855	0.006550	0.097752	7	49	57
124	-0.759110	-0.762112	0.015011	0.999999	0.647398	0.116339	0.007019	0.116128	14	45	61
125	-0.739485	-0.742402	0.014582	0.048499	0.676664	0.100976	0.006678	0.100835	6	42	48
126	-0.788522	-0.791620	0.015490	0.000000	0.678227	0.118144	0.007331	0.118031	11	42	54
127	-0.763599	-0.766566	0.014831	1.000000	0.647398	0.092564	0.006846	0.092409	10	43	54
128	-0.792411	-0.795432	0.015108	0.048500	0.676664	0.108850	0.006985	0.108679	13	49	62
129	-0.755477	-0.758489	0.015058	1.028113	0.646572	0.122885	0.006942	0.122923	12	81	93
130	-0.760908	-0.763914	0.015028	0.076620	0.675761	0.092507	0.006945	0.092439	12	46	59
131	-0.726302	-0.729199	0.014488	1.076620	0.645152	0.095192	0.006659	0.095090	6	52	59
132	-0.731654	-0.734507	0.014267	2.076620	0.617195	0.105916	0.006480	0.105796	14	128	144
133	-0.759269	-0.762279	0.015050	3.076620	0.591560	0.092701	0.006948	0.092646	8	111	121
134	-0.757492	-0.760446	0.014770	2.125119	0.615900	0.107746	0.006889	0.107671	17	75	93
135	-0.796728	-0.799735	0.015031	3.125119	0.590371	0.113200	0.007021	0.112946	9	50	60
136	-0.765977	-0.769053	0.015382	2.173619	0.614611	0.104510	0.007131	0.104265	10	51	62
137	-0.760112	-0.763064	0.014761	3.173602	0.589187	0.113317	0.006791	0.113261	9	76	85
138	-0.745310	-0.748353	0.015218	2.222101	0.613328	0.092710	0.007037	0.092675	13	77	91
139	-0.736037	-0.739013	0.014878	3.222101	0.588007	0.117268	0.006780	0.117193	6	99	105
140	-0.722803	-0.725744	0.014704	2.270601	0.612050	0.102900	0.006724	0.102961	6	48	55
141	-0.728868	-0.731905	0.015184	1.319101	0.638142	0.116167	0.007116	0.116057	11	102	114
142	-0.773702	-0.776832	0.015648	0.367600	0.666559	0.107702	0.007313	0.107647	13	86	100
143	-0.728286	-0.731324	0.015188	1.367600	0.636759	0.106637	0.006935	0.106558	19	83	104
144	-0.715705	-0.718696	0.014954	2.367547	0.609510	0.104479	0.006889	0.104079	13	57	70
145	-0.741997	-0.745129	0.015661	3.367547	0.584497	0.125635	0.007190	0.125611	15	76	91
146	-0.742823	-0.745956	0.015663	4.367547	0.561456	0.114685	0.007209	0.114404	13	70	85
147	-0.765252	-0.768339	0.015439	5.367547	0.540163	0.118644	0.007092	0.118688	14	84	99
148	-0.772328	-0.775507	0.015891	4.416046	0.560385	0.100459	0.007304	0.100113	15	95	111
149	-0.754466	-0.757636	0.015850	5.411507	0.539264	0.106416	0.007314	0.106332	12	100	113
150	-0.785484	-0.788563	0.015392	6.411507	0.519591	0.121706	0.007061	0.121637	13	86	101
151	-0.776650	-0.779769	0.015596	7.411507	0.501303	0.107992	0.007220	0.107684	12	104	116
152	-0.795642	-0.798688	0.015234	6.460007	0.518673	0.121695	0.006977	0.121479	17	90	108
153	-0.730196	-0.733379	0.015915	5.508506	0.537290	0.102014	0.007262	0.101809	14	77	93
154	-0.749825	-0.752985	0.015800	4.557006	0.557294	0.094529	0.007179	0.094361	12	63	75
155	-0.740040	-0.743256	0.016080	5.557006	0.536309	0.106156	0.007363	0.106008	12	77	89
156	-0.778967	-0.782166	0.015999	6.556963	0.516848	0.104594	0.007336	0.104397	12	152	166
157	-0.749907	-0.753039	0.015663	7.556958	0.498749	0.114721	0.007094	0.114836	128	112	241
158	-0.789509	-0.792714	0.016028	6.605457	0.515940	0.105183	0.007418	0.105141	20	104	124
159	-0.787224	-0.790428	0.016017	5.653957	0.534358	0.104611	0.007316	0.104742	18	81	100
160	-0.765983	-0.769191	0.016041	4.702456	0.554140	0.094741	0.007343	0.094678	14	83	98
161	-0.739634	-0.742662	0.015138	5.702456	0.533388	0.093365	0.006886	0.093219	9	148	158
162	-0.724549	-0.727652	0.015514	6.102429	0.525516	0.110074	0.007086	0.109916	20	89	111
163	-0.770530	-0.773699	0.015845	5.150929	0.544637	0.115159	0.007209	0.115074	13	68	83
164	-0.734262	-0.737293	0.015157	6.150929	0.524577	0.096505	0.006948	0.096458	31	84	115
165	-0.754915	-0.758077	0.015808	7.150929	0.505943	0.106149	0.007135	0.106072	17	95	112
166	-0.735174	-0.738350	0.015881	6.199428	0.523642	0.104077	0.007310	0.104220	27	72	101
167	-0.765613	-0.768744	0.015656	6.562956	0.516736	0.127740	0.007122	0.127467	15	68	83
168	-0.756798	-0.760138	0.016699	7.562956	0.498645	0.110759	0.007662	0.110718	15	68	84
169	-0.769911	-0.773076	0.015823	6.611455	0.515828	0.094514	0.007165	0.094536	12	73	86
170	-0.777754	-0.781055	0.016506	5.659955	0.534238	0.117257	0.007630	0.117284	9	58	68
171	-0.747262	-0.750478	0.016078	6.585544	0.516313	0.095343	0.007381	0.095228	11	51	63
172	-0.753756	-0.756969	0.016063	5.634060	0.534758	0.108094	0.007332	0.107844	13	51	65
173	-0.804879	-0.808261	0.016909	6.634012	0.515407	0.122516	0.007742	0.122462	10	59	69
174	-0.747451	-0.750576	0.015626	7.634012	0.497407	0.097656	0.007141	0.097490	6	129	136
175	-0.744143	-0.747454	0.016554	6.682513	0.514504	0.098946	0.007544	0.098840	74	174	249
176	-0.768351	-0.771689	0.016691	7.682513	0.496566	0.109475	0.007704	0.109377	12	140	152
177	-0.745659	-0.748875	0.016080	8.682456	0.479838	0.104454	0.007308	0.104275	18	103	122
178	-0.751240	-0.754384	0.015724	8.895473	0.476419	0.098066	0.007186	0.097970	84	97	183
179	-0.750607	-0.753941	0.016670	7.944177	0.492077	0.124570	0.007681	0.124447	40	134	175
180	-0.731202	-0.734290	0.015441	8.944177	0.475644	0.095708	0.006924	0.095640	35	51	87
181	-0.761828	-0.765045	0.016089	7.992677	0.491254	0.110584	0.007343	0.110432	6	41	49
182	-0.794677	-0.798005	0.016640	7.041176	0.507923	0.104729	0.007564	0.104462	7	50	57
183	-0.745965	-0.749219	0.016266	8.039163	0.490467	0.114083	0.007362	0.114027	7	45	54
184	-0.761703	-0.765166	0.017318	7.087662	0.507083	0.093780	0.008018	0.093789	7	48	55
185	-0.787925	-0.791221	0.016476	8.087662	0.489650	0.107665	0.007552	0.107565	5	44	51
186	-0.780860	-0.784209	0.016747	7.195365	0.505146	0.105763	0.007661	0.105747	6	51	57
187	-0.716016	-0.719266	0.016250	6.243864	0.522788	0.106514	0.007324	0.106293	8	42	51
188	-0.790227	-0.793562	0.016675	7.243864	0.504278	0.138156	0.007584	0.138076	6	49	56
189	-0.748676	-0.752085	0.017043	8.243793	0.487035	0.117275	0.007764	0.117111	6	42	50
190	-0.778593	-0.781933	0.016702	9.243793	0.470932	0.107016	0.007502	0.106929	6	51	58
191	-0.771940	-0.775364	0.017121	9.918106	0.460661	0.105927	0.007882	0.105719	6	44	51
192	-0.746990	-0.750315	0.016625	8.978053	0.475106	0.114750	0.007567	0.114629	6	49	55
193	-0.785842	-0.789151	0.016544	8.897608	0.476385	0.118671	0.007429	0.118399	7	44	52
194	-0.757312	-0.760667	0.016774	7.946108	0.492044	0.100565	0.007642	0.100505	6	55	62
195	-0.766784	-0.770143	0.016794	7.740438	0.495565	0.120184	0.007510	0.120102	7	93	101
196	-0.772553	-0.775844	0.016456	6.788937	0.512534	0.095028	0.007403	0.094901	28	131	161
197	-0.764803	-0.768233	0.017151	5.837437	0.530705	0.105280	0.007856	0.105230	40	150	214
198	-0.759963	-0.763367	0.017023	6.100470	0.525554	0.110287	0.007730	0.110179	10	61	72
199	-0.734409	-0.737715	0.016533	5.149266	0.544672	0.109358	0.007417	0.109342	7	45	53
200	-0.775524	-0.778874	0.016749	6.149266	0.524610	0.109751	0.007626	0.109490	12	52	65
201	-0.762760	-0.766083	0.016618	5.200999	0.543596	0.130020	0.007513	0.129980	6	43	50
202	-0.746858	-0.750269	0.017054	6.200999	0.523612	0.093733	0.007748	0.093405	8	46	55
203	-0.724304	-0.727590	0.016431	7.200999	0.505045	0.105578	0.007415	0.105470	7	42	49
204	-0.728793	-0.732283	0.017448	6.802359	0.512286	0.099558	0.007912	0.099609	6	52	59
205	-0.776105	-0.779559	0.017269	7.796408	0.494602	0.105589	0.007878	0.105363	6	43	50
206	-0.791918	-0.795456	0.017689	6.844907	0.511503	0.106774	0.008022	0.106756	6	51	59
207	-0.709109	-0.712485	0.016880	7.844907	0.493771	0.099789	0.007620	0.099572	7	43	50
208	-0.744043	-0.747444	0.017004	6.893407	0.510614	0.100581	0.007591	0.100406	6	52	60
209	-0.751049	-0.754477	0.017141	5.941959	0.528646	0.114402	0.007768	0.114425	7	42	49
210	-0.768423	-0.771821	0.016990	4.996915	0.547864	0.091182	0.007658	0.091135	8	48	57
211	-0.761447	-0.764870	0.017117	5.996909	0.527570	0.101309	0.007836	0.101084	7	42	49
212	-0.757730	-0.761244	0.017572	6.996909	0.508726	0.099206	0.007905	0.099246	6	52	59
213	-0.745661	-0.749155	0.017469	7.996909	0.491182	0.105804	0.007897	0.105824	7	43	50
214	-0.803375	-0.806892	0.017585	8.996762	0.474810	0.120062	0.007919	0.119809	6	51	58
215	-0.751621	-0.755041	0.017098	8.045263	0.490364	0.125192	0.007674	0.125391	6	47	54
216	-0.785501	-0.789048	0.017735	9.045258	0.474044	0.092416	0.008090	0.092177	6	52	59
217	-0.766013	-0.769615	0.018010	8.093792	0.489547	0.117335	0.008212	0.117199	6	43	50
218	-0.759662	-0.763244	0.017910	8.959173	0.475406	0.108951	0.008061	0.108694	7	53	61
219	-0.793174	-0.796788	0.018072	8.007673	0.491000	0.133926	0.008191	0.133921	6	42	49
220	-0.749020	-0.752561	0.017706	9.007673	0.474637	0.090405	0.007993	0.090371	6	50	57
221	-0.738778	-0.742230	0.017257	10.007663	0.459330	0.106847	0.007751	0.106818	6	42	49
222	-0.759920	-0.763342	0.017111	11.007653	0.444980	0.117775	0.007663	0.117787	6	49	56
223	-0.760877	-0.764330	0.017263	12.007653	0.431499	0.107189	0.007751	0.106975	6	43	50
224	-0.766109	-0.769583	0.017368	13.007649	0.418811	0.101383	0.007964	0.101061	7	51	59
225	-0.766377	-0.769837	0.017300	14.007647	0.406847	0.112851	0.007800	0.112484	6	42	49
226	-0.775679	-0.779164	0.017424	15.007647	0.395548	0.107730	0.007840	0.107761	7	49	58
227	-0.731087	-0.734675	0.017943	16.007647	0.384860	0.096689	0.008031	0.096640	7	42	49
228	-0.779998	-0.783516	0.017592	15.060715	0.394966	0.111695	0.007945	0.111370	7	51	58
229	-0.784845	-0.788519	0.018372	14.109215	0.405670	0.107973	0.008375	0.107908	7	44	51
230	-0.754576	-0.758204	0.018143	15.109215	0.394436	0.101430	0.008224	0.101496	7	93	101
231	-0.804556	-0.808149	0.017965	16.109215	0.383807	0.107183	0.008140	0.107136	7	118	126
232	-0.742540	-0.746008	0.017344	15.157714	0.393907	0.089654	0.007817	0.089825	10	118	129
233	-0.763453	-0.766907	0.017272	14.206395	0.404550	0.106414	0.007771	0.106175	31	92	124
234	-0.761413	-0.764870	0.017287	15.206395	0.393377	0.101759	0.007760	0.101746	8	43	52
235	-0.795049	-0.798609	0.017804	16.143967	0.383448	0.116355	0.008076	0.116134	6	49	56
236	-0.721327	-0.724888	0.017801	16.010040	0.384835	0.095302	0.007963	0.095153	6	43	49
237	-0.782464	-0.786150	0.018432	15.058540	0.394990	0.126087	0.008398	0.126122	6	49	56
238	-0.774717	-0.778282	0.017821	14.107039	0.405695	0.117463	0.008023	0.117221	8	43	51
239	-0.775602	-0.779251	0.018243	15.107039	0.394460	0.100841	0.008233	0.100830	7	46	53
240	-0.769505	-0.773136	0.018155	16.107039	0.383829	0.106242	0.008162	0.106120	8	43	51
241	-0.753123	-0.756654	0.017656	17.106989	0.373757	0.106683	0.007811	0.106457	7	52	61
242	-0.792561	-0.796079	0.017591	16.155489	0.383329	0.099338	0.007849	0.099124	7	162	169
243	-0.744227	-0.747877	0.018249	17.155469	0.373282	0.110875	0.008195	0.110846	27	143	171
244	-0.780543	-0.784252	0.018545	18.155327	0.363750	0.095170	0.008298	0.095186	29	117	148
245	-0.744985	-0.748540	0.017775	19.155327	0.354692	0.108784	0.008032	0.109020	33	105	138
246	-0.722033	-0.725651	0.018087	18.945897	0.356551	0.094979	0.008057	0.094901	6	57	64
247	-0.750354	-0.753984	0.018154	18.829061	0.357597	0.104620	0.008113	0.104603	7	72	80
248	-0.784302	-0.787898	0.017982	18.135897	0.363931	0.106047	0.008090	0.105866	28	99	129
249	-0.757881	-0.761436	0.017777	19.127189	0.354941	0.104455	0.008083	0.104304	28	125	154
250	-0.784830	-0.788407	0.017883	18.175708	0.363561	0.112995	0.007980	0.112808	33	140	174
251	-0.743059	-0.746640	0.017908	17.224208	0.372611	0.109183	0.007978	0.108967	37	237	276
252	-0.774286	-0.778013	0.018637	16.272707	0.382123	0.120703	0.008401	0.120592	46	122	169
253	-0.761299	-0.764901	0.018012	15.321207	0.392134	0.130154	0.008103	0.130246	43	118	162
254	-0.768237	-0.771817	0.017898	14.369706	0.402683	0.086854	0.007925	0.086779	39	110	150
255	-0.761317	-0.764883	0.017827	13.422722	0.413761	0.101146	0.007997	0.100956	9	46	55
256	-0.773294	-0.776949	0.018274	13.905673	0.408036	0.102882	0.008153	0.102848	6	43	50
257	-0.777331	-0.780891	0.017799	14.905672	0.396672	0.096815	0.007904	0.096896	7	48	55
258	-0.751295	-0.754982	0.018432	14.084991	0.405950	0.100120	0.008342	0.099988	6	44	51
259	-0.743352	-0.746902	0.017750	15.084991	0.394701	0.094752	0.007954	0.094796	8	46	55
260	-0.765258	-0.768901	0.018214	14.133491	0.405390	0.100761	0.008152	0.100574	6	42	49
261	-0.778334	-0.781917	0.017913	13.181990	0.416675	0.090230	0.008006	0.090255	6	52	59
262	-0.769466	-0.773015	0.017746	12.590014	0.424018	0.094808	0.007923	0.094499	6	42	49
263	-0.767173	-0.770627	0.017269	13.590014	0.411759	0.131963	0.007666	0.131846	5	54	60
264	-0.762664	-0.766351	0.018433	12.639911	0.423389	0.094900	0.008261	0.094785	6	43	50
265	-0.795173	-0.798953	0.018901	13.636717	0.411204	0.123069	0.008394	0.123292	6	50	58
266	-0.767611	-0.771201	0.017950	12.685217	0.422819	0.091334	0.007959	0.091344	11	41	52
267	-0.754144	-0.757806	0.018307	11.733716	0.435110	0.112261	0.008232	0.111967	6	51	58
268	-0.738058	-0.741783	0.018627	11.757059	0.434800	0.102550	0.008378	0.102436	7	42	49
269	-0.758733	-0.762497	0.018823	12.757058	0.421920	0.108008	0.008516	0.107965	6	49	56
270	-0.772998	-0.776779	0.018904	13.757058	0.409781	0.115554	0.008564	0.115442	7	41	49
271	-0.726524	-0.729993	0.017348	12.805557	0.421314	0.097286	0.007730	0.097362	7	48	57
272	-0.758984	-0.762691	0.018536	11.854078	0.433516	0.110097	0.008400	0.109725	7	43	50
273	-0.783390	-0.787063	0.018362	10.905206	0.446409	0.106005	0.008240	0.106084	7	49	56
274	-0.791502	-0.795365	0.019319	11.905206	0.432842	0.111257	0.008732	0.111203	6	49	56
275	-0.768084	-0.771806	0.018609	10.953707	0.445731	0.101823	0.008319	0.101906	7	51	59
276	-0.767386	-0.771068	0.018410	10.002223	0.459411	0.093034	0.008192	0.092997	6	41	48
277	-0.740438	-0.743939	0.017501	9.050723	0.473957	0.112258	0.007806	0.112162	6	50	57
278	-0.748507	-0.752113	0.018030	10.050723	0.458694	0.109060	0.007966	0.108801	6	41	48
279	-0.745220	-0.748985	0.018826	9.099228	0.473194	0.102212	0.008433	0.102374	6	48	54
280	-0.749573	-0.753261	0.018438	10.099228	0.457978	0.083018	0.008189	0.082858	7	42	49
281	-0.724679	-0.728329	0.018249	9.147728	0.472432	0.095449	0.008120	0.095273	6	48	55
282	-0.763805	-0.767508	0.018516	10.147728	0.457265	0.092747	0.008205	0.092798	8	41	50
283	-0.779910	-0.783616	0.018533	9.196227	0.471674	0.104197	0.008233	0.104108	6	46	54
284	-0.774337	-0.778035	0.018489	8.244727	0.487020	0.101872	0.008172	0.101767	7	41	49
285	-0.750987	-0.754671	0.018418	7.293230	0.503398	0.118660	0.008154	0.118615	6	45	51
286	-0.761914	-0.765564	0.018253	6.341729	0.520917	0.101211	0.008140	0.101179	7	43	50
287	-0.775881	-0.779671	0.018950	7.341729	0.502537	0.111306	0.008443	0.111180	8	46	55
288	-0.748894	-0.752640	0.018731	6.390229	0.519994	0.092762	0.008393	0.092886	7	45	52
289	-0.774284	-0.778071	0.018933	5.538878	0.536675	0.141610	0.008518	0.141581	6	47	54
290	-0.793265	-0.797033	0.018837	4.587378	0.556632	0.118455	0.008449	0.118205	9	50	60
291	-0.730256	-0.733948	0.018459	5.587378	0.535696	0.093750	0.008148	0.093591	6	44	50
292	-0.748641	-0.752262	0.018109	6.587365	0.516279	0.095823	0.008046	0.095771	9	42	52
293	-0.780702	-0.784509	0.019035	7.587365	0.498219	0.103332	0.008557	0.103183	6	43	50
294	-0.792285	-0.796138	0.019269	8.587351	0.481380	0.123912	0.008671	0.123924	8	46	55
295	-0.735479	-0.739200	0.018602	9.587321	0.465643	0.100844	0.008311	0.100755	5	43	49
296	-0.724063	-0.727775	0.018556	9.990459	0.459585	0.098066	0.008239	0.098092	7	52	60
297	-0.771604	-0.775519	0.019573	10.990459	0.445219	0.105478	0.008730	0.105303	6	42	49
298	-0.742425	-0.746121	0.018480	10.106122	0.457877	0.084289	0.008339	0.084138	7	49	56
299	-0.765648	-0.769506	0.019288	9.154677	0.472324	0.102406	0.008587	0.102112	6	43	49
300	-0.748124	-0.751941	0.019087	8.203182	0.487713	0.106649	0.008581	0.106556	13	52	66
301	-0.756697	-0.760439	0.018711	9.203182	0.471565	0.101318	0.008382	0.101341	7	44	52
302	-0.737657	-0.741347	0.018451	10.203182	0.456452	0.102648	0.008192	0.102612	10	52	63
303	-0.769218	-0.773045	0.019136	11.203182	0.442278	0.114810	0.008535	0.114661	6	41	49
304	-0.787121	-0.791062	0.019701	10.251681	0.455744	0.107175	0.008868	0.106947	11	43	54
305	-0.774516	-0.778240	0.018616	9.300181	0.470055	0.095575	0.008284	0.095319	7	42	49
306	-0.722249	-0.725992	0.018717	9.874729	0.461308	0.114324	0.008320	0.114588	6	51	57
307	-0.732112	-0.735804	0.018461	8.923229	0.475977	0.094443	0.008161	0.094369	6	42	48
308	-0.771801	-0.775707	0.019528	8.806070	0.477848	0.096512	0.008722	0.096451	6	50	57
309	-0.736620	-0.740347	0.018635	7.854712	0.493603	0.116958	0.008315	0.117015	6	42	49
310	-0.778114	-0.781978	0.019316	8.854697	0.477069	0.096844	0.008585	0.096819	7	50	57
311	-0.780511	-0.784391	0.019400	9.848227	0.461704	0.102594	0.008727	0.102349	7	42	50
312	-0.744141	-0.747810	0.018347	8.896726	0.476399	0.112948	0.008143	0.113086	6	51	58
313	-0.784809	-0.788646	0.019187	9.896726	0.460980	0.102477	0.008502	0.102385	7	41	49
314	-0.782745	-0.786596	0.019253	10.896726	0.446527	0.123069	0.008729	0.123003	6	51	58
315	-0.744483	-0.748218	0.018679	11.896726	0.432954	0.093371	0.008291	0.093153	6	41	48
316	-0.742851	-0.746572	0.018604	12.896725	0.420181	0.097837	0.008357	0.097632	6	50	57
317	-0.740193	-0.743948	0.018774	13.031629	0.418516	0.116603	0.008373	0.116336	6	41	48
318	-0.771674	-0.775508	0.019171	13.888181	0.408240	0.112878	0.008520	0.112630	6	48	56
319	-0.793031	-0.796873	0.019208	12.937461	0.419677	0.117480	0.008504	0.117342	6	42	48
320	-0.772782	-0.776650	0.019341	11.990125	0.431728	0.109086	0.008619	0.108908	6	48	55
321	-0.764965	-0.768726	0.018806	11.465504	0.438705	0.111303	0.008346	0.111081	6	43	49
322	-0.768215	-0.772053	0.019192	12.443259	0.425878	0.101198	0.008473	0.101121	5	48	54
323	-0.744444	-0.748329	0.019424	11.491758	0.438350	0.109010	0.008676	0.108981	6	42	50
324	-0.779496	-0.783408	0.019559	10.540258	0.451574	0.121946	0.008653	0.122028	6	47	53
325	-0.763355	-0.767095	0.018698	9.588758	0.465621	0.117286	0.008259	0.117202	7	41	48
326	-0.754107	-0.757876	0.018847	8.637258	0.480570	0.104289	0.008305	0.104090	6	42	49
327	-0.776384	-0.780159	0.018876	7.694007	0.496367	0.110837	0.008335	0.110656	10	43	54
328	-0.767042	-0.770864	0.019113	8.694007	0.479651	0.089612	0.008453	0.089777	7	41	49
329	-0.774463	-0.778349	0.019429	9.585788	0.465666	0.104655	0.008656	0.104638	6	50	57
330	-0.761425	-0.765262	0.019186	8.634290	0.480618	0.107571	0.008528	0.107480	6	42	49
331	-0.773269	-0.777090	0.019107	9.634290	0.464929	0.115083	0.008439	0.114776	6	51	59
332	-0.756863	-0.760860	0.019985	8.682790	0.479832	0.097455	0.008835	0.097258	6	41	48
333	-0.751545	-0.755414	0.019346	7.731290	0.495723	0.097777	0.008564	0.097413	6	50	56
334	-0.746606	-0.750456	0.019247	8.731290	0.479050	0.105127	0.008437	0.105093	6	42	49
335	-0.800819	-0.804842	0.020114	9.731290	0.463461	0.115109	0.008965	0.114935	6	51	58
336	-0.733909	-0.737925	0.020077	8.779790	0.478269	0.098501	0.008977	0.098465	6	42	48
337	-0.743591	-0.747507	0.019580	7.828289	0.494055	0.093275	0.008707	0.093342	6	50	58
338	-0.755887	-0.759813	0.019629	6.876789	0.510918	0.106852	0.008664	0.106770	6	48	54
339	-0.727245	-0.731157	0.019563	7.876789	0.493225	0.096678	0.008584	0.096477	6	50	57
340	-0.760002	-0.763896	0.019469	6.925857	0.510021	0.109458	0.008487	0.109496	6	42	49
341	-0.744231	-0.748006	0.018875	7.925851	0.492389	0.094909	0.008246	0.094841	6	51	58
342	-0.750853	-0.754756	0.019517	8.925851	0.475935	0.095759	0.008601	0.095706	6	42	49
343	-0.756431	-0.760386	0.019776	9.887458	0.461118	0.099991	0.008719	0.099679	6	49	55
344	-0.741745	-0.745579	0.019170	10.887456	0.446657	0.116010	0.008377	0.115832	7	41	49
345	-0.789490	-0.793457	0.019831	9.936128	0.460393	0.101791	0.008717	0.101639	7	49	56
346	-0.770570	-0.774501	0.019657	10.936128	0.445977	0.099622	0.008589	0.099623	6	42	49
347	-0.751628	-0.755648	0.020100	9.984629	0.459672	0.094464	0.008853	0.094297	6	49	56
348	-0.746802	-0.750645	0.019216	10.984622	0.445300	0.096065	0.008364	0.096018	7	41	49
349	-0.762356	-0.766324	0.019841	10.034415	0.458935	0.104301	0.008657	0.104180	7	47	55
350	-0.734541	-0.738554	0.020061	9.084413	0.473427	0.096581	0.008801	0.096517	7	42	49
351	-0.741685	-0.745651	0.019827	10.082890	0.458219	0.110057	0.008777	0.110035	6	49	55
352	-0.823971	-0.827952	0.019903	11.018970	0.444823	0.111353	0.008634	0.111160	7	41	49
353	-0.783664	-0.787695	0.020159	10.067469	0.458446	0.099875	0.008804	0.099718	7	47	54
354	-0.749199	-0.753363	0.020820	9.116027	0.472930	0.098105	0.009202	0.097973	6	42	49
355	-0.764501	-0.768569	0.020341	9.241676	0.470965	0.104210	0.008900	0.104002	7	41	49
356	-0.728380	-0.732356	0.019879	10.241675	0.455890	0.119338	0.008650	0.119114	9	44	54
357	-0.778141	-0.782264	0.020612	9.299089	0.470072	0.118188	0.009067	0.118070	6	44	51
358	-0.742261	-0.746198	0.019686	10.289708	0.455190	0.089699	0.008525	0.089658	6	60	67
359	-0.764360	-0.768464	0.020521	11.289708	0.441093	0.102076	0.009050	0.101893	10	45	56
360	-0.773197	-0.777324	0.020635	10.351473	0.454293	0.085853	0.008958	0.085675	9	42	52
361	-0.788024	-0.792161	0.020687	9.490931	0.467115	0.110377	0.009034	0.110164	6	42	49
362	-0.754431	-0.758479	0.020236	10.490925	0.452282	0.108568	0.008753	0.108474	10	43	55
363	-0.757831	-0.761882	0.020256	9.997421	0.459482	0.122554	0.008799	0.122620	7	42	49
364	-0.743152	-0.747328	0.020878	9.045925	0.474033	0.106563	0.009147	0.106642	10	45	55
365	-0.785811	-0.789801	0.019950	10.045925	0.458764	0.100414	0.008746	0.100220	6	42	49
366	-0.748007	-0.751985	0.019891	11.045925	0.444449	0.113082	0.008752	0.113153	6	50	56
367	-0.801597	-0.805784	0.020939	10.094425	0.458049	0.123544	0.009242	0.123431	14	43	58
368	-0.759826	-0.763896	0.020352	9.142924	0.472508	0.114445	0.008819	0.114447	9	44	54
369	-0.742734	-0.746679	0.019726	8.191424	0.487909	0.109162	0.008574	0.109002	6	41	48
370	-0.792564	-0.796731	0.020836	7.240152	0.504344	0.102973	0.009154	0.102762	6	48	55
371	-0.726463	-0.730449	0.019928	6.288651	0.521930	0.129212	0.008657	0.128988	6	42	49
372	-0.767731	-0.771860	0.020647	5.337151	0.540786	0.103495	0.009009	0.103438	6	50	57
373	-0.779336	-0.783395	0.020295	4.385650	0.561056	0.104938	0.008833	0.104701	6	42	48
374	-0.750255	-0.754447	0.020961	3.434152	0.582904	0.112904	0.009084	0.112922	6	49	56
375	-0.791241	-0.795430	0.020945	4.434151	0.559986	0.105949	0.009265	0.105925	6	42	49
376	-0.786011	-0.790225	0.021068	3.482651	0.581749	0.107694	0.009250	0.107594	6	50	58
377	-0.787552	-0.791607	0.020277	2.531158	0.605273	0.120264	0.008683	0.120382	16	41	57
378	-0.764893	-0.768856	0.019812	1.579658	0.630779	0.124444	0.008501	0.124287	7	49	56
379	-0.790909	-0.794950	0.020204	0.628157	0.658529	0.132165	0.008674	0.132054	6	41	48
380	-0.757498	-0.761633	0.020675	1.628157	0.629427	0.093043	0.009059	0.092918	6	49	56
381	-0.785519	-0.789759	0.021199	0.822151	0.652675	0.121689	0.009196	0.121777	6	41	49
382	-0.778500	-0.782674	0.020870	1.822151	0.624076	0.119800	0.009093	0.119774	6	50	56
383	-0.757826	-0.762094	0.021341	0.870650	0.651227	0.107490	0.009091	0.107334	7	41	48
384	-0.759119	-0.763337	0.021090	0.000000	0.678227	0.097434	0.009185	0.097418	6	46	54
385	-0.758755	-0.762974	0.021091	1.000000	0.647398	0.099530	0.009017	0.099474	7	41	48
386	-0.774390	-0.778499	0.020549	1.996355	0.619349	0.117905	0.008813	0.117773	6	41	48
387	-0.786075	-0.790288	0.021069	2.996355	0.593539	0.089857	0.009092	0.089691	11	43	55
388	-0.728550	-0.732697	0.020731	2.045966	0.618016	0.093758	0.008848	0.093717	6	42	49
389	-0.760968	-0.765184	0.021082	3.045966	0.592314	0.109338	0.009101	0.109062	12	41	54
390	-0.787707	-0.792051	0.021716	2.094486	0.616717	0.109878	0.009444	0.109913	7	41	48
391	-0.790888	-0.795016	0.020636	3.094486	0.591121	0.104987	0.008868	0.105076	10	44	55
392	-0.777807	-0.781934	0.020633	2.142985	0.615425	0.118356	0.008915	0.118360	6	42	49
393	-0.749139	-0.753299	0.020804	1.198916	0.641597	0.101899	0.009014	0.101766	7	47	55
394	-0.779482	-0.783597	0.020573	2.195788	0.614024	0.093362	0.008852	0.093188	6	41	49
395	-0.755996	-0.760141	0.020721	3.195788	0.588646	0.123229	0.008850	0.122992	8	51	60
396	-0.797127	-0.801348	0.021106	2.244288	0.612743	0.098924	0.008995	0.098924	6	42	48
397	-0.800101	-0.804427	0.021627	3.244288	0.587469	0.111314	0.009345	0.111287	7	50	58
398	-0.757983	-0.762156	0.020861	4.244288	0.564198	0.097422	0.008923	0.097277	7	41	48
399	-0.744383	-0.748633	0.021254	3.292790	0.586296	0.101641	0.009043	0.101593	6	48	55
400	-0.749305	-0.753575	0.021350	2.341676	0.610186	0.095808	0.009214	0.095877	6	42	48
401	-0.748558	-0.752761	0.021018	3.341676	0.585118	0.110904	0.009032	0.110674	12	50	63
402	-0.774079	-0.778318	0.021194	2.390176	0.608921	0.093941	0.008997	0.093919	6	41	48
403	-0.759541	-0.763696	0.020776	3.390176	0.583955	0.104768	0.008923	0.104672	7	49	57
404	-0.755125	-0.759379	0.021270	4.372745	0.561341	0.109738	0.009084	0.109369	7	41	49
405	-0.799410	-0.803730	0.021599	5.372745	0.540056	0.114708	0.009304	0.114818	6	51	57
406	-0.779649	-0.783950	0.021507	6.372745	0.520327	0.100698	0.009325	0.100395	6	42	49
407	-0.771474	-0.775948	0.022370	6.635281	0.515383	0.119184	0.009660	0.119100	6	51	58
408	-0.745797	-0.750075	0.021389	5.683780	0.533761	0.096422	0.009169	0.096234	6	43	50
409	-0.777299	-0.781635	0.021683	6.683780	0.514480	0.103809	0.009340	0.103631	5	46	52
410	-0.780082	-0.784303	0.021106	5.735879	0.532721	0.096176	0.009069	0.096134	5	42	48
411	-0.764682	-0.768998	0.021578	4.784382	0.552380	0.102990	0.009225	0.102636	7	50	57
412	-0.780172	-0.784434	0.021312	3.833296	0.573535	0.095273	0.009125	0.095276	6	42	49
413	-0.746601	-0.750853	0.021259	3.174943	0.589154	0.094265	0.009115	0.094298	6	46	53
414	-0.789723	-0.794054	0.021657	2.223443	0.613293	0.120402	0.009208	0.120101	6	55	63
415	-0.744807	-0.749157	0.021753	3.197249	0.588611	0.101745	0.009338	0.101549	6	46	53
416	-0.789555	-0.793804	0.021246	4.014982	0.569369	0.106052	0.009059	0.105889	6	44	51
417	-0.785974	-0.790443	0.022344	3.063481	0.591883	0.103169	0.009555	0.102964	6	44	51
418	-0.784344	-0.788693	0.021746	2.111981	0.616250	0.099202	0.009256	0.098856	19	41	61
419	-0.753710	-0.758174	0.022317	1.160542	0.642708	0.100239	0.009554	0.100189	7	46	54
420	-0.777635	-0.782250	0.023076	0.209042	0.671542	0.113029	0.009787	0.112852	8	41	50
421	-0.772853	-0.777280	0.022137	1.209042	0.641305	0.106236	0.009504	0.106187	7	45	52
422	-0.802127	-0.806410	0.021413	0.257541	0.670010	0.117437	0.009115	0.117301	6	42	50
423	-0.787467	-0.791862	0.021975	1.257541	0.639907	0.102333	0.009339	0.102429	6	42	49
424	-0.761179	-0.765596	0.022084	2.029129	0.618467	0.096738	0.009237	0.096621	10	44	55
425	-0.777032	-0.781366	0.021674	3.029129	0.592729	0.128704	0.009241	0.128532	2	50	53
426	-0.762462	-0.766831	0.021843	4.029129	0.569048	0.110379	0.009311	0.110448	10	43	54
427	-0.768695	-0.773220	0.022626	5.029129	0.547186	0.127769	0.009651	0.127618	6	47	54
428	-0.757708	-0.762076	0.021841	6.029129	0.526941	0.117879	0.009245	0.117956	10	47	58
429	-0.794360	-0.798892	0.022661	5.077628	0.546168	0.090692	0.009677	0.090831	8	46	55
430	-0.805815	-0.810467	0.023261	4.126128	0.566851	0.121321	0.009975	0.121238	9	46	57
431	-0.759758	-0.764106	0.021743	3.174627	0.589162	0.097063	0.009135	0.096740	7	43	50
432	-0.789158	-0.793686	0.022641	2.223127	0.613301	0.099760	0.009591	0.099626	11	43	55
433	-0.759208	-0.763595	0.021936	1.271626	0.639503	0.110063	0.009270	0.109975	6	42	49
434	-0.722239	-0.726655	0.022075	2.271626	0.612023	0.124482	0.009350	0.124475	6	52	59
435	-0.788373	-0.792864	0.022453	3.271626	0.586807	0.097206	0.009499	0.097235	6	41	48
436	-0.741207	-0.745555	0.021742	4.271626	0.563587	0.117175	0.009224	0.117050	7	50	58
437	-0.750011	-0.754483	0.022361	5.271626	0.542135	0.102957	0.009348	0.102811	6	43	50
438	-0.796868	-0.801280	0.022059	5.889865	0.529670	0.088369	0.009389	0.088477	6	48	55
439	-0.794535	-0.799162	0.023133	4.938364	0.549100	0.113124	0.009817	0.112951	5	42	49
440	-0.757212	-0.761776	0.022824	4.000446	0.569700	0.098258	0.009724	0.098119	6	52	58
441	-0.787057	-0.791517	0.022299	3.048945	0.592241	0.119424	0.009399	0.119287	7	43	51
442	-0.764224	-0.768699	0.022371	3.997563	0.569766	0.115496	0.009407	0.115086	7	47	54
443	-0.777546	-0.781941	0.021975	4.997563	0.547850	0.114149	0.009254	0.113813	7	42	49
444	-0.759226	-0.763646	0.022102	5.837753	0.530699	0.100527	0.009317	0.100488	6	53	60
445	-0.763929	-0.768459	0.022650	6.837753	0.511635	0.102190	0.009522	0.102037	6	42	49
446	-0.777201	-0.781849	0.023242	5.886252	0.529742	0.116330	0.009704	0.116163	6	51	57
447	-0.784826	-0.789321	0.022474	6.886252	0.510745	0.100163	0.009554	0.100161	6	42	50
448	-0.723708	-0.728094	0.021934	7.886251	0.493064	0.107072	0.009094	0.107054	6	48	55
449	-0.772658	-0.777112	0.022271	6.934751	0.509858	0.092833	0.009289	0.092682	7	42	50
450	-0.752576	-0.757093	0.022584	7.934751	0.492237	0.090589	0.009479	0.090487	6	49	56
451	-0.746815	-0.751267	0.022260	8.917329	0.476071	0.102851	0.009331	0.102685	7	41	50
452	-0.775892	-0.780386	0.022468	9.917329	0.460673	0.089524	0.009503	0.089426	6	49	56
453	-0.745999	-0.750575	0.022881	10.917320	0.446239	0.104580	0.009489	0.104338	6	44	51
454	-0.759416	-0.763881	0.022324	9.965819	0.459951	0.094122	0.009273	0.094125	6	47	55
455	-0.743086	-0.747728	0.023211	10.951259	0.445765	0.095120	0.009748	0.095086	7	42	49
456	-0.758911	-0.763526	0.023072	11.881750	0.433151	0.117825	0.009665	0.117745	6	50	57
457	-0.730114	-0.734768	0.023266	12.881750	0.420367	0.093540	0.009744	0.093360	10	43	54
458	-0.796323	-0.801064	0.023705	11.930365	0.432512	0.106340	0.009913	0.106494	6	48	55
459	-0.774387	-0.778799	0.022063	10.979259	0.445375	0.120201	0.009171	0.120276	7	42	49
460	-0.793435	-0.798081	0.023232	11.979259	0.431870	0.104508	0.009751	0.104298	6	47	54
461	-0.813438	-0.818064	0.023129	11.034885	0.444602	0.110583	0.009648	0.110552	6	42	49
462	-0.772642	-0.777293	0.023252	12.034135	0.431153	0.103807	0.009817	0.103653	7	42	50
463	-0.771780	-0.776379	0.022995	11.082634	0.443940	0.107670	0.009643	0.107561	10	45	56
464	-0.756066	-0.760639	0.022868	10.135211	0.457449	0.114204	0.009635	0.113825	6	43	49
465	-0.746464	-0.751005	0.022702	11.135211	0.443214	0.107942	0.009409	0.107711	12	43	55
466	-0.743126	-0.747617	0.022459	10.183711	0.456737	0.098450	0.009357	0.098323	6	43	50
467	-0.753031	-0.757662	0.023153	9.232210	0.471112	0.093304	0.009657	0.093370	6	50	57
468	-0.778984	-0.783622	0.023190	8.807941	0.477818	0.108270	0.009720	0.108088	6	42	49
469	-0.770618	-0.775331	0.023564	7.857811	0.493550	0.105444	0.009859	0.105334	7	51	59
470	-0.780935	-0.785608	0.023365	8.857811	0.477020	0.131125	0.009767	0.130968	7	43	51
471	-0.791247	-0.795951	0.023522	9.857811	0.461561	0.112442	0.009859	0.112271	7	51	59
472	-0.763637	-0.768410	0.023865	9.471694	0.467410	0.103303	0.010112	0.103096	6	52	58
473	-0.779042	-0.783801	0.023797	10.471694	0.452558	0.118636	0.009933	0.118559	12	42	55
474	-0.777918	-0.782591	0.023364	9.520194	0.466667	0.107595	0.009704	0.107420	6	42	49
475	-0.775676	-0.780430	0.023769	8.568694	0.481684	0.104528	0.009998	0.104453	6	52	59
476	-0.721039	-0.725691	0.023257	7.623387	0.497592	0.104457	0.009703	0.104207	6	42	49
477	-0.802403	-0.807055	0.023262	6.671887	0.514702	0.108935	0.009710	0.108840	6	49	55
478	-0.743388	-0.748142	0.023771	5.720386	0.533030	0.115710	0.009949	0.115406	8	42	51
479	-0.787844	-0.792607	0.023818	6.720386	0.513801	0.108281	0.009961	0.108065	6	52	59
480	-0.750981	-0.755629	0.023238	7.720386	0.495911	0.097586	0.009640	0.097551	6	42	49
481	-0.732099	-0.736678	0.022892	8.383418	0.484721	0.114044	0.009542	0.114022	6	50	56
482	-0.772744	-0.777648	0.024522	9.383418	0.468768	0.098064	0.010185	0.098114	6	43	50
483	-0.770192	-0.774719	0.022637	8.431918	0.483922	0.101091	0.009371	0.101011	6	51	58
484	-0.764405	-0.769082	0.023385	9.431917	0.468021	0.099458	0.009739	0.099270	7	42	49
485	-0.759560	-0.764174	0.023074	10.431915	0.453131	0.092483	0.009460	0.092466	6	49	56
486	-0.752838	-0.757498	0.023302	11.431915	0.439159	0.113227	0.009630	0.113119	6	42	49
487	-0.748280	-0.753205	0.024622	10.480415	0.452433	0.098607	0.010185	0.098431	6	46	53
488	-0.767970	-0.772820	0.024249	11.480347	0.438504	0.096845	0.010143	0.096874	6	43	50
489	-0.746975	-0.751593	0.023091	10.528847	0.451738	0.104192	0.009574	0.104178	6	42	49
490	-0.766164	-0.770934	0.023851	9.771318	0.462858	0.091264	0.009892	0.091100	10	43	54
491	-0.726450	-0.731028	0.022891	8.819818	0.477627	0.104603	0.009523	0.104291	6	43	50
492	-0.768451	-0.773294	0.024214	9.819802	0.462130	0.094421	0.010073	0.094258	9	44	54
493	-0.759012	-0.763763	0.023754	10.612773	0.450538	0.102767	0.009870	0.102768	6	43	50
494	-0.780188	-0.785079	0.024456	9.661272	0.464520	0.113925	0.010204	0.113822	12	42	56
495	-0.777735	-0.782373	0.023195	8.709772	0.479397	0.118848	0.009588	0.118796	6	42	48
496	-0.764131	-0.768712	0.022906	9.709672	0.463788	0.109695	0.009565	0.109621	7	48	57
497	-0.772919	-0.777755	0.024181	8.758171	0.478617	0.112424	0.009942	0.112434	7	42	49
498	-0.755332	-0.760046	0.023574	9.758171	0.463056	0.100235	0.009708	0.100184	6	50	58
499	-0.786329	-0.791248	0.024595	8.806671	0.477838	0.104585	0.010288	0.104495	6	44	50
500	-0.719868	-0.724589	0.023608	9.806671	0.462327	0.100925	0.009807	0.100727	6	51	58
501	-0.772070	-0.776807	0.023683	8.855170	0.477062	0.104782	0.009720	0.104841	6	43	50
502	-0.766621	-0.771503	0.024410	7.903670	0.492767	0.106526	0.010141	0.106435	6	51	58
503	-0.763181	-0.767961	0.023902	8.903670	0.476288	0.115938	0.009840	0.116072	7	41	48
504	-0.795985	-0.800708	0.023614	7.953912	0.491912	0.110181	0.009858	0.110031	8	50	58
505	-0.752106	-0.756867	0.023805	7.002412	0.508626	0.119820	0.009900	0.119425	6	42	50
506	-0.734608	-0.739315	0.023533	8.002349	0.491090	0.100376	0.009653	0.100349	7	52	59
507	-0.825521	-0.830420	0.024499	9.002349	0.474722	0.097562	0.010083	0.097772	5	43	49
508	-0.770663	-0.775594	0.024655	8.050848	0.490270	0.103189	0.010260	0.103208	7	50	57
509	-0.770338	-0.775030	0.023462	9.050848	0.473956	0.099681	0.009655	0.099526	7	42	50
510	-0.774063	-0.779066	0.025013	8.186439	0.487993	0.110591	0.010464	0.110290	6	50	57
511	-0.723270	-0.728186	0.024582	9.168670	0.472104	0.124202	0.010019	0.124183	6	42	49
512	-0.775638	-0.780528	0.024451	8.217170	0.487479	0.091304	0.010201	0.091345	7	51	58
513	-0.774932	-0.779786	0.024267	7.265670	0.503889	0.085391	0.009976	0.085236	6	42	49
514	-0.760960	-0.765772	0.024057	6.314169	0.521442	0.099331	0.009885	0.099454	6	50	58
515	-0.776813	-0.781530	0.023583	7.314138	0.503027	0.110087	0.009707	0.109886	7	42	49
516	-0.772697	-0.777469	0.023857	8.312207	0.485899	0.104114	0.009825	0.103890	6	52	59
517	-0.781926	-0.786881	0.024778	9.285418	0.470285	0.101028	0.010209	0.100647	7	41	50
518	-0.763735	-0.768790	0.025273	8.335450	0.485514	0.086500	0.010580	0.086040	7	51	58
519	-0.758904	-0.763800	0.024479	7.412778	0.501280	0.090873	0.010076	0.090907	6	42	49
520	-0.774088	-0.779119	0.025156	6.881161	0.510838	0.112331	0.010325	0.112216	6	51	58
521	-0.772510	-0.777232	0.023609	5.929661	0.528888	0.096106	0.009767	0.096248	7	42	49
522	-0.750511	-0.755249	0.023691	4.978171	0.548259	0.098687	0.009559	0.098635	7	46	54
523	-0.798510	-0.803551	0.025205	4.026670	0.569103	0.106296	0.010370	0.106204	9	41	52
524	-0.754819	-0.759573	0.023770	5.026670	0.547237	0.106238	0.009718	0.106123	7	47	54
525	-0.768248	-0.773064	0.024081	4.075170	0.568003	0.108184	0.009920	0.108082	6	42	49
526	-0.796478	-0.801416	0.024694	3.123693	0.590406	0.103646	0.010078	0.103592	6	52	59
527	-0.758878	-0.763878	0.025003	2.172193	0.614649	0.101258	0.010259	0.101246	6	44	52
528	-0.770920	-0.776119	0.025996	1.220692	0.640969	0.107784	0.010730	0.107421	7	51	58
529	-0.753671	-0.758544	0.024366	2.220620	0.613367	0.095258	0.009909	0.095244	7	45	53
530	-0.787934	-0.792961	0.025133	3.220620	0.588043	0.102641	0.010350	0.102413	6	49	56
531	-0.748556	-0.753443	0.024439	4.220618	0.564727	0.086530	0.010035	0.086420	7	44	51
532	-0.780467	-0.785589	0.025606	5.220618	0.543190	0.089705	0.010580	0.089660	6	50	57
533	-0.776789	-0.781870	0.025407	6.220614	0.523235	0.095792	0.010466	0.095755	8	44	53
534	-0.794268	-0.799203	0.024672	5.269213	0.542185	0.099474	0.010017	0.099578	6	45	53
535	-0.746436	-0.751268	0.024161	4.348766	0.561872	0.109843	0.009724	0.109751	8	42	51
536	-0.769694	-0.774684	0.024954	3.526326	0.580713	0.119931	0.010255	0.119932	7	44	51
537	-0.765189	-0.770008	0.024099	4.526309	0.557964	0.103627	0.009740	0.103633	8	41	50
538	-0.762119	-0.766999	0.024401	5.526309	0.536930	0.093781	0.010037	0.093551	6	42	49
539	-0.762356	-0.767164	0.024038	6.525890	0.517432	0.107256	0.009784	0.106987	10	43	53
540	-0.791331	-0.796294	0.024819	5.574390	0.535958	0.102233	0.010131	0.102029	8	41	49
541	-0.762607	-0.767573	0.024832	6.574390	0.516521	0.089433	0.010060	0.089432	6	48	55
542	-0.781292	-0.786463	0.025855	5.622908	0.534982	0.098912	0.010540	0.099093	6	42	49
543	-0.767021	-0.772073	0.025264	4.671496	0.554809	0.096749	0.010303	0.096717	7	50	57
544	-0.764342	-0.769535	0.025967	3.719995	0.576164	0.107210	0.010612	0.107041	6	42	49
545	-0.753191	-0.758221	0.025149	4.684870	0.554520	0.097834	0.010208	0.097522	6	49	55
546	-0.739954	-0.745107	0.025767	3.734829	0.575818	0.105558	0.010475	0.105476	6	42	49
547	-0.791341	-0.796449	0.025539	4.680500	0.554614	0.098113	0.010426	0.098095	6	48	56
548	-0.763372	-0.768530	0.025789	3.728999	0.575954	0.116160	0.010556	0.116024	7	41	48
549	-0.759610	-0.764677	0.025334	4.728999	0.553569	0.104036	0.010356	0.103995	7	48	55
550	-0.819433	-0.824423	0.024946	5.728771	0.532863	0.095672	0.010267	0.095421	6	42	49
551	-0.795318	-0.800465	0.025734	6.728771	0.513646	0.104639	0.010487	0.104659	6	50	57
552	-0.769687	-0.774579	0.024459	7.728770	0.495767	0.107445	0.009918	0.107505	6	42	50
553	-0.756804	-0.761752	0.024741	6.777270	0.512749	0.119561	0.010059	0.119588	7	44	52
554	-0.781632	-0.786601	0.024846	7.703197	0.496208	0.104574	0.010063	0.104400	7	41	49
555	-0.763665	-0.768640	0.024878	6.751699	0.513221	0.119537	0.010037	0.119506	6	43	50
556	-0.791697	-0.796731	0.025171	5.800199	0.531443	0.109740	0.010247	0.109643	10	42	53
557	-0.772644	-0.777698	0.025270	6.681509	0.514523	0.086359	0.010454	0.086382	6	43	50
558	-0.763712	-0.768800	0.025437	5.742450	0.532590	0.103988	0.010450	0.103982	10	44	55
559	-0.768249	-0.773306	0.025284	4.790949	0.552239	0.118272	0.010287	0.118242	6	41	48
560	-0.745838	-0.750919	0.025405	5.790949	0.531626	0.127264	0.010333	0.127132	8	46	54
561	-0.765445	-0.770591	0.025732	6.790924	0.512497	0.112159	0.010449	0.112019	6	42	49
562	-0.803268	-0.808550	0.026409	7.790924	0.494696	0.113595	0.010908	0.113524	7	50	58
563	-0.804289	-0.809276	0.024938	6.839424	0.511604	0.094410	0.010167	0.094458	6	42	49
564	-0.756878	-0.761848	0.024852	5.927654	0.528927	0.119243	0.010059	0.119134	6	48	55
565	-0.797651	-0.802846	0.025976	4.976154	0.548302	0.121751	0.010525	0.121779	6	42	49
566	-0.752678	-0.757644	0.024829	4.024653	0.569149	0.112450	0.009992	0.112299	7	48	55
567	-0.771469	-0.776478	0.025044	3.073394	0.591639	0.101519	0.010184	0.101264	6	42	49
568	-0.793148	-0.798502	0.026771	2.123850	0.615934	0.112312	0.010938	0.112111	6	49	56
569	-0.737930	-0.742957	0.025132	3.123573	0.590409	0.102714	0.010095	0.102506	6	42	49
570	-0.786451	-0.791494	0.025213	4.123049	0.566920	0.103788	0.010190	0.103541	7	50	58
571	-0.764165	-0.769365	0.026000	5.123049	0.545218	0.093824	0.010582	0.093635	5	41	47
572	-0.780373	-0.785567	0.025968	5.895122	0.529567	0.112190	0.010437	0.112294	6	47	53
573	-0.791067	-0.796265	0.025989	4.943622	0.548989	0.090108	0.010582	0.089927	6	42	49
574	-0.761480	-0.766617	0.025684	5.943622	0.528614	0.115573	0.010331	0.115517	6	47	53
575	-0.751327	-0.756387	0.025302	4.992121	0.547965	0.107403	0.010115	0.107240	6	42	50
576	-0.767904	-0.773079	0.025874	5.992121	0.527664	0.091021	0.010432	0.090764	6	46	52
577	-0.788289	-0.793498	0.026042	6.992089	0.508814	0.111299	0.010431	0.111377	6	43	51
578	-0.784384	-0.789619	0.026176	7.992088	0.491264	0.113990	0.010608	0.113937	6	42	48
579	-0.791179	-0.796426	0.026237	8.992088	0.474884	0.109457	0.010656	0.109588	8	44	53
580	-0.774838	-0.780132	0.026468	8.162994	0.488385	0.119081	0.010833	0.118911	6	42	49
581	-0.723172	-0.728433	0.026305	9.123912	0.472806	0.110673	0.010734	0.110455	6	51	58
582	-0.787948	-0.793061	0.025565	10.123912	0.457615	0.107572	0.010355	0.107622	6	42	49
583	-0.780809	-0.785974	0.025824	11.014062	0.444891	0.105034	0.010495	0.104838	7	48	55
584	-0.760269	-0.765391	0.025609	12.014062	0.431415	0.096900	0.010245	0.096836	6	45	52
585	-0.775211	-0.780630	0.027095	12.368631	0.426831	0.122186	0.010977	0.122199	7	50	57
586	-0.770962	-0.776207	0.026224	13.315936	0.415048	0.095099	0.010598	0.094762	6	43	50
587	-0.767217	-0.772434	0.026085	14.315936	0.403296	0.093831	0.010513	0.093650	6	48	55
588	-0.762233	-0.767415	0.025910	15.315850	0.392191	0.109633	0.010497	0.109513	6	42	48
589	-0.745596	-0.750588	0.024964	14.364350	0.402744	0.102318	0.010101	0.102384	6	50	57
590	-0.760581	-0.765743	0.025809	15.357132	0.391746	0.110036	0.010392	0.109765	6	43	50
591	-0.794091	-0.799098	0.025031	14.406018	0.402270	0.107424	0.010193	0.107595	6	51	58
592	-0.750076	-0.755246	0.025849	15.406017	0.391220	0.105958	0.010350	0.105921	11	41	52
593	-0.715271	-0.720337	0.025334	14.454517	0.401719	0.107715	0.010178	0.107580	6	51	58
594	-0.733238	-0.738156	0.024590	15.418367	0.391087	0.103267	0.009825	0.103054	5	43	49
595	-0.810233	-0.815208	0.024876	14.466867	0.401579	0.114560	0.010068	0.114514	6	51	58
596	-0.774497	-0.779567	0.025350	15.466867	0.390567	0.120195	0.010087	0.120064	6	41	48
597	-0.785635	-0.790833	0.025988	16.463010	0.380182	0.089788	0.010394	0.089662	6	49	56
598	-0.785674	-0.790871	0.025985	15.511510	0.390090	0.110669	0.010476	0.110670	7	41	49
599	-0.777011	-0.782284	0.026362	14.560524	0.400522	0.101827	0.010630	0.101541	15	50	66
600	-0.770810	-0.776162	0.026759	15.560524	0.389567	0.129301	0.010753	0.129215	6	41	48
601	-0.772796	-0.777861	0.025325	16.560524	0.379195	0.108046	0.010170	0.107828	6	50	57
602	-0.797393	-0.802405	0.025063	17.560524	0.369361	0.087245	0.010019	0.087140	6	42	49
603	-0.762467	-0.767725	0.026286	18.560523	0.360025	0.092149	0.010515	0.091872	7	49	57
604	-0.760791	-0.765936	0.025726	17.609023	0.368897	0.102055	0.010347	0.102270	8	42	51
605	-0.777099	-0.782389	0.026452	18.605997	0.359611	0.095466	0.010538	0.095415	6	47	55
606	-0.798872	-0.804310	0.027194	19.605997	0.350755	0.105873	0.011039	0.105755	6	42	48
607	-0.801862	-0.807130	0.026340	20.605997	0.342325	0.096872	0.010612	0.096742	7	49	56
608	-0.738013	-0.743304	0.026455	19.654502	0.350337	0.106053	0.010659	0.105729	6	42	49
609	-0.788192	-0.793569	0.026885	18.703001	0.358733	0.093327	0.010817	0.093295	10	46	57
610	-0.776364	-0.781863	0.027493	19.703001	0.349919	0.098714	0.011064	0.098424	6	43	50
611	-0.762963	-0.768298	0.026676	20.699592	0.341556	0.097991	0.010775	0.097756	6	43	49
612	-0.779824	-0.785212	0.026939	21.699112	0.333561	0.106798	0.010975	0.106615	8	42	51
613	-0.760236	-0.765517	0.026406	22.698666	0.325931	0.093801	0.010615	0.093635	7	42	49
614	-0.783451	-0.788825	0.026869	21.747184	0.333186	0.100571	0.010722	0.100602	6	50	57
615	-0.794136	-0.799531	0.026975	22.747184	0.325570	0.102191	0.010815	0.102294	6	41	48
616	-0.765735	-0.770936	0.026003	23.747184	0.318294	0.082078	0.010359	0.081999	8	47	56
617	-0.765645	-0.770823	0.025891	22.795685	0.325209	0.097834	0.010388	0.097664	6	42	49
618	-0.796904	-0.802256	0.026761	21.844185	0.332432	0.116063	0.010820	0.116145	6	47	55
619	-0.774965	-0.780505	0.027702	22.844185	0.324850	0.108543	0.011103	0.108196	7	41	48
620	-0.787573	-0.793016	0.027213	23.844185	0.317606	0.125777	0.010915	0.125846	6	51	59
621	-0.752892	-0.757923	0.025156	24.844185	0.310678	0.096634	0.010017	0.096450	7	42	50
622	-0.781187	-0.786454	0.026337	24.499503	0.313031	0.100534	0.010650	0.100383	6	50	57
623	-0.778464	-0.783664	0.026002	23.550066	0.319702	0.097887	0.010369	0.097852	6	42	49
624	-0.747166	-0.752559	0.026965	22.598566	0.326680	0.082759	0.010801	0.082389	6	51	57
625	-0.775643	-0.781065	0.027112	23.598397	0.319356	0.098905	0.010902	0.098821	7	41	49
626	-0.774331	-0.779714	0.026917	22.646897	0.326318	0.098335	0.010767	0.097970	6	48	55
627	-0.750815	-0.756153	0.026687	23.359995	0.321072	0.093603	0.010696	0.093600	7	41	49
628	-0.774572	-0.779929	0.026786	22.508578	0.327355	0.086344	0.010806	0.086356	6	46	54
629	-0.767448	-0.772701	0.026269	21.557077	0.334674	0.107233	0.010577	0.107169	8	43	51
630	-0.787536	-0.792875	0.026695	20.605645	0.342328	0.095794	0.010695	0.095742	6	47	54
631	-0.762902	-0.768144	0.026207	19.654144	0.350340	0.109493	0.010491	0.109258	6	42	48
632	-0.745552	-0.750782	0.026151	20.642909	0.342021	0.114889	0.010480	0.114849	6	48	55
633	-0.783072	-0.788460	0.026939	19.691409	0.350019	0.105712	0.010833	0.105690	6	43	50
634	-0.759877	-0.765052	0.025870	18.751117	0.358298	0.105400	0.010321	0.105325	6	42	50
635	-0.824282	-0.829905	0.028117	19.723194	0.349746	0.100754	0.011240	0.100417	10	42	52
636	-0.789414	-0.794703	0.026443	20.723194	0.341363	0.105244	0.010616	0.105226	6	42	49
637	-0.777432	-0.782789	0.026782	21.723194	0.333373	0.106070	0.010712	0.106027	8	45	54
638	-0.761790	-0.767108	0.026592	20.771730	0.340967	0.113994	0.010540	0.114173	6	41	49
639	-0.752857	-0.758043	0.025930	19.820230	0.348914	0.109508	0.010284	0.109466	7	50	57
640	-0.782235	-0.787770	0.027674	20.820177	0.340572	0.100938	0.011141	0.100634	7	42	49
641	-0.779866	-0.785330	0.027322	19.868676	0.348501	0.102927	0.010862	0.102690	7	52	60
642	-0.757115	-0.762467	0.026759	20.868675	0.340177	0.098509	0.010706	0.098574	7	41	48
643	-0.749748	-0.755067	0.026594	19.917175	0.348088	0.109682	0.010671	0.109472	6	50	57
644	-0.761760	-0.767022	0.026311	18.965675	0.356375	0.105981	0.010445	0.105790	6	41	48
645	-0.749430	-0.754809	0.026892	19.965675	0.347676	0.106075	0.010690	0.105867	6	49	56
646	-0.796891	-0.802368	0.027385	19.014558	0.355940	0.096114	0.010894	0.096130	7	42	49
647	-0.771156	-0.776425	0.026346	18.271979	0.362670	0.109566	0.010409	0.109292	6	51	58
648	-0.751702	-0.757090	0.026940	19.264922	0.353726	0.094194	0.010897	0.093946	7	41	48
649	-0.758724	-0.764028	0.026520	18.313423	0.362288	0.112965	0.010524	0.112887	6	59	66
650	-0.786738	-0.792219	0.027404	19.313423	0.353301	0.124969	0.010951	0.124972	6	51	58
651	-0.764393	-0.769709	0.026581	18.361922	0.361841	0.117956	0.010596	0.117615	6	61	68
652	-0.812250	-0.817668	0.027094	19.361922	0.352876	0.100862	0.010870	0.100899	6	47	55
653	-0.815994	-0.821454	0.027300	20.361900	0.344345	0.099430	0.010882	0.099306	10	48	58
654	-0.777219	-0.782546	0.026634	19.410400	0.352453	0.100141	0.010589	0.100048	7	51	58
655	-0.751872	-0.757259	0.026935	18.458899	0.360952	0.105988	0.010798	0.105880	12	56	69
656	-0.758671	-0.764062	0.026954	17.507399	0.369871	0.123612	0.010662	0.123698	12	59	73
657	-0.754752	-0.760171	0.027094	18.507399	0.360509	0.118358	0.010939	0.118353	6	46	53
658	-0.758984	-0.764250	0.026326	17.558636	0.369379	0.087416	0.010517	0.087344	8	64	72
659	-0.764156	-0.769367	0.026053	16.607135	0.378725	0.093597	0.010297	0.093789	12	57	70
660	-0.768078	-0.773508	0.027149	17.607127	0.368915	0.107598	0.010757	0.107471	11	56	67
661	-0.780721	-0.786142	0.027103	18.607127	0.359601	0.110062	0.010793	0.110040	14	79	94
662	-0.767320	-0.772720	0.026998	17.655635	0.368452	0.101003	0.010833	0.100914	7	61	68
663	-0.807882	-0.813317	0.027174	16.704135	0.377751	0.102403	0.010842	0.102217	6	46	53
664	-0.755420	-0.761018	0.027990	17.704135	0.367991	0.114279	0.011251	0.114069	6	50	58
665	-0.764130	-0.769517	0.026940	16.752641	0.377265	0.114891	0.010711	0.114731	7	43	50
666	-0.767750	-0.773141	0.026959	15.801152	0.387020	0.107877	0.010619	0.107872	6	51	58
667	-0.798957	-0.804300	0.026713	16.777658	0.377016	0.106209	0.010631	0.106140	7	44	52
668	-0.785839	-0.791249	0.027052	15.826159	0.386757	0.096268	0.010779	0.096378	7	53	61
669	-0.758654	-0.764146	0.027461	16.826156	0.376532	0.097782	0.010856	0.097918	6	42	50
670	-0.752445	-0.757750	0.026526	15.874657	0.386248	0.092054	0.010451	0.092009	7	51	58
671	-0.777939	-0.783393	0.027270	16.872228	0.376074	0.111448	0.010969	0.111255	6	42	50
672	-0.757292	-0.762721	0.027148	15.920728	0.385766	0.114455	0.010729	0.114365	6	57	63
673	-0.795919	-0.801412	0.027463	14.969227	0.395971	0.109064	0.010942	0.109158	12	104	118
674	-0.803244	-0.808788	0.027723	15.969227	0.385260	0.114039	0.011074	0.114085	15	114	130
675	-0.789543	-0.795214	0.028356	16.969227	0.375113	0.099377	0.011348	0.099047	18	74	94
676	-0.730768	-0.736317	0.027743	16.030095	0.384627	0.097929	0.011055	0.097711	15	88	104
677	-0.773055	-0.778435	0.026898	16.920992	0.375591	0.122642	0.010684	0.122601	18	104	124
678	-0.775863	-0.781374	0.027557	15.969492	0.385257	0.088762	0.011001	0.088530	13	113	126
679	-0.774296	-0.779732	0.027179	15.017991	0.395435	0.093468	0.010876	0.093242	10	59	70
680	-0.742444	-0.747895	0.027254	16.017276	0.384760	0.096483	0.010809	0.096190	7	60	69
681	-0.753977	-0.759482	0.027528	15.065788	0.394911	0.109563	0.010957	0.109391	26	60	86
682	-0.742192	-0.747820	0.028141	14.117270	0.405577	0.117278	0.011190	0.116996	6	57	65
683	-0.773929	-0.779254	0.026624	13.169076	0.416832	0.085352	0.010613	0.085314	9	49	59
684	-0.772120	-0.777547	0.027131	14.169076	0.404980	0.113204	0.010729	0.112952	22	82	105
685	-0.801116	-0.806751	0.028172	15.168126	0.393793	0.093537	0.011345	0.093488	9	70	80
686	-0.781874	-0.787306	0.027159	14.216626	0.404433	0.116055	0.010850	0.115951	10	117	129
687	-0.760821	-0.766364	0.027713	15.216626	0.393266	0.111978	0.010946	0.111972	36	83	119
688	-0.782050	-0.787434	0.026917	14.265126	0.403877	0.107231	0.010593	0.107134	13	112	127
689	-0.790464	-0.796124	0.028301	15.265125	0.392740	0.111328	0.011334	0.111140	12	124	138
690	-0.781172	-0.786670	0.027491	14.313624	0.403322	0.091915	0.010906	0.091856	60	189	250
691	-0.779899	-0.785332	0.027164	13.383183	0.414236	0.098960	0.010646	0.098948	21	144	167
692	-0.758945	-0.764500	0.027779	14.383181	0.402529	0.091116	0.010940	0.091138	13	122	139
693	-0.736175	-0.741575	0.027000	15.383177	0.391466	0.096528	0.010685	0.096509	24	181	205
694	-0.750070	-0.755461	0.026957	14.446499	0.401810	0.101573	0.010555	0.101626	33	124	160
695	-0.764105	-0.769568	0.027318	14.410941	0.402214	0.097259	0.010876	0.096946	32	113	145
696	-0.772879	-0.778383	0.027520	15.410941	0.391167	0.132678	0.010878	0.132403	21	91	112
697	-0.788498	-0.794207	0.028546	14.459441	0.401664	0.100219	0.011319	0.100017	26	81	109
698	-0.795303	-0.800653	0.026749	15.457140	0.390671	0.108340	0.010605	0.108189	9	119	129
699	-0.767792	-0.773445	0.028265	14.505639	0.401141	0.099258	0.011139	0.099092	13	75	89
700	-0.763392	-0.768992	0.028001	15.457515	0.390667	0.101558	0.011220	0.101550	22	100	124
701	-0.766944	-0.772401	0.027288	14.541002	0.400742	0.103492	0.010716	0.103367	27	124	152
702	-0.770906	-0.776555	0.028247	15.541002	0.389775	0.110748	0.011288	0.110677	24	116	141
703	-0.745973	-0.751491	0.027592	16.541002	0.379392	0.089176	0.010910	0.089008	31	91	123
704	-0.793296	-0.798898	0.028013	17.541002	0.369548	0.113841	0.011093	0.113980	31	139	172
705	-0.776871	-0.782393	0.027612	16.999943	0.374810	0.110558	0.010795	0.110431	46	82	128
706	-0.725130	-0.730604	0.027366	17.999943	0.365200	0.093570	0.010762	0.093416	13	78	92
707	-0.746835	-0.752192	0.026786	18.999933	0.356070	0.110312	0.010634	0.110260	12	167	180
708	-0.735561	-0.741107	0.027733	19.999932	0.347385	0.113375	0.010924	0.113428	14	88	102
709	-0.772022	-0.777528	0.027529	20.999932	0.339114	0.109186	0.010948	0.109276	22	187	210
710	-0.816255	-0.821953	0.028490	21.999932	0.331228	0.105904	0.011187	0.105563	130	186	316
711	-0.777922	-0.783384	0.027308	21.048432	0.338723	0.121709	0.010662	0.121688	30	153	184
712	-0.782976	-0.788581	0.028028	20.958579	0.339448	0.118773	0.011085	0.118530	10	172	183
713	-0.767701	-0.773294	0.027963	20.007078	0.347325	0.101061	0.011011	0.100852	34	121	156
714	-0.775647	-0.781145	0.027492	21.006932	0.339057	0.118376	0.010721	0.118281	9	170	180
715	-0.818297	-0.824118	0.029106	22.006912	0.331174	0.108940	0.011453	0.108822	13	115	148
716	-0.774542	-0.780058	0.027580	21.055431	0.338666	0.105933	0.010755	0.105594	27	93	121
717	-0.760173	-0.765720	0.027733	20.104012	0.346505	0.116105	0.010947	0.116311	27	54	81
718	-0.760811	-0.766427	0.028083	20.066254	0.346824	0.108877	0.011086	0.108638	7	42	50
719	-0.798885	-0.804631	0.028729	19.114753	0.355051	0.106358	0.011376	0.106645	6	48	55
720	-0.746476	-0.751920	0.027219	20.114259	0.346419	0.108376	0.010573	0.108099	7	41	48
721	-0.774344	-0.779809	0.027321	21.114259	0.338193	0.095297	0.010786	0.095097	7	44	51
722	-0.778122	-0.783901	0.028890	20.162760	0.346011	0.103625	0.011227	0.103471	7	42	50
723	-0.748698	-0.754283	0.027923	21.162760	0.337804	0.106154	0.010986	0.105839	6	42	49
724	-0.747550	-0.753091	0.027705	20.789644	0.340820	0.095380	0.010823	0.095345	10	43	54
725	-0.763620	-0.769434	0.029071	19.872056	0.348472	0.101000	0.011364	0.100824	6	43	50
726	-0.800946	-0.806792	0.029231	20.872056	0.340150	0.109999	0.011653	0.109786	9	45	55
727	-0.793790	-0.799404	0.028070	19.920656	0.348058	0.106182	0.010918	0.106055	7	41	50
728	-0.754479	-0.760227	0.028739	18.969156	0.356344	0.095045	0.011317	0.095067	7	52	59
729	-0.762678	-0.768232	0.027773	19.969141	0.347646	0.107464	0.010763	0.107400	6	43	51
730	-0.762085	-0.767744	0.028294	20.969141	0.339363	0.123282	0.011253	0.122932	6	49	55
731	-0.777777	-0.783465	0.028441	21.969141	0.331465	0.108812	0.011201	0.108693	6	41	49
732	-0.749020	-0.754676	0.028279	21.017640	0.338971	0.102739	0.011092	0.102666	6	48	54
733	-0.808549	-0.814189	0.028201	22.017640	0.331091	0.123549	0.011154	0.123355	6	42	49
734	-0.754602	-0.759988	0.026934	22.858156	0.324746	0.093526	0.010516	0.093347	6	49	56
735	-0.800785	-0.806679	0.029471	21.906655	0.331948	0.099606	0.011645	0.099774	9	41	51
736	-0.799763	-0.805428	0.028326	20.955375	0.339474	0.109463	0.011162	0.109426	6	50	57
737	-0.765499	-0.771165	0.028333	21.954195	0.331580	0.103263	0.011153	0.103008	6	42	49
738	-0.765758	-0.771407	0.028247	21.002694	0.339092	0.103930	0.010982	0.103855	7	52	60
739	-0.779122	-0.784763	0.028202	20.051281	0.346951	0.107599	0.011038	0.107762	8	53	61
740	-0.744367	-0.750060	0.028468	19.099871	0.355182	0.113461	0.011159	0.113386	12	69	82
741	-0.794074	-0.799832	0.028791	18.148371	0.363815	0.109009	0.011333	0.108890	11	67	80
742	-0.788381	-0.794141	0.028800	17.196871	0.372878	0.113661	0.011386	0.113473	12	75	87
743	-0.773825	-0.779562	0.028687	18.196871	0.363365	0.128353	0.011200	0.128317	12	103	116
744	-0.770174	-0.775678	0.027519	19.195484	0.354337	0.108298	0.010876	0.108107	22	152	176
745	-0.767820	-0.773459	0.028194	20.192627	0.345760	0.104781	0.011037	0.104821	48	178	227
746	-0.775454	-0.781191	0.028688	19.241126	0.353936	0.093300	0.011207	0.093064	37	171	209
747	-0.751173	-0.756922	0.028745	18.446675	0.361064	0.100176	0.011138	0.100239	12	75	88
748	-0.758612	-0.764285	0.028366	17.646096	0.368543	0.109618	0.011074	0.109552	11	63	75
749	-0.810669	-0.816509	0.029198	18.646096	0.359248	0.117275	0.011545	0.117422	12	67	80
750	-0.752424	-0.758180	0.028778	19.646096	0.350409	0.099880	0.011280	0.099611	12	84	98
751	-0.783244	-0.788905	0.028304	20.634814	0.342088	0.131678	0.011169	0.131528	12	90	102
752	-0.750916	-0.756546	0.028148	19.683314	0.350089	0.100136	0.010975	0.100097	17	86	105
753	-0.777991	-0.783825	0.029172	20.680396	0.341714	0.105564	0.011350	0.105409	14	93	108
754	-0.746332	-0.751981	0.028243	19.728895	0.349697	0.092710	0.010976	0.092598	14	88	104
755	-0.776447	-0.782106	0.028299	18.777395	0.358062	0.109393	0.010997	0.109362	13	62	75
756	-0.760043	-0.765556	0.027565	19.777395	0.349281	0.119112	0.010885	0.119207	7	44	52
757	-0.783950	-0.789681	0.028654	20.151403	0.346106	0.099566	0.011282	0.099310	9	135	145
758	-0.771377	-0.777142	0.028822	19.199903	0.354298	0.117773	0.011284	0.117696	29	124	154
759	-0.781811	-0.787470	0.028293	20.199903	0.345699	0.110568	0.011169	0.110277	29	53	83
760	-0.766108	-0.771757	0.028247	19.248412	0.353871	0.097756	0.010936	0.097782	6	64	70
761	-0.735055	-0.740688	0.028161	20.248412	0.345292	0.123874	0.010882	0.123669	7	47	55
762	-0.801675	-0.807527	0.029261	19.296912	0.353446	0.106585	0.011577	0.106398	6	55	62
763	-0.766691	-0.772404	0.028565	18.345411	0.361993	0.106042	0.011059	0.105842	14	43	58
764	-0.769011	-0.774631	0.028100	17.393911	0.370964	0.100727	0.010930	0.100492	6	42	49
765	-0.752350	-0.758130	0.028903	18.393911	0.361547	0.109419	0.011189	0.109204	12	42	55
766	-0.739250	-0.744947	0.028483	19.393911	0.352597	0.125676	0.010998	0.125788	6	42	49
767	-0.787062	-0.792743	0.028402	19.769594	0.349348	0.108533	0.011145	0.108399	14	70	85
768	-0.775022	-0.780746	0.028623	18.818094	0.357696	0.114130	0.011142	0.113995	12	50	63
769	-0.784934	-0.790749	0.029076	19.818094	0.348933	0.110760	0.011378	0.110577	12	42	55
770	-0.753032	-0.758795	0.028815	20.818094	0.340589	0.096418	0.011201	0.095973	7	62	70
771	-0.780632	-0.786365	0.028665	19.866781	0.348517	0.102884	0.011128	0.103003	6	42	48
772	-0.782480	-0.787973	0.027466	18.915302	0.356825	0.102495	0.010844	0.102300	7	52	60
773	-0.760675	-0.766240	0.027822	17.963801	0.365538	0.119714	0.010783	0.119685	6	43	49
774	-0.755337	-0.761092	0.028772	18.868090	0.357247	0.106809	0.011203	0.106759	6	50	58
775	-0.760870	-0.766608	0.028688	17.916600	0.365982	0.091002	0.011188	0.090940	7	41	48
776	-0.766322	-0.772220	0.029492	16.965129	0.375154	0.114434	0.011662	0.114178	6	51	58
777	-0.756167	-0.761877	0.028551	17.964800	0.365529	0.110169	0.011138	0.110004	7	49	57
778	-0.727054	-0.732500	0.027229	18.770414	0.358125	0.115147	0.010566	0.115087	6	51	58
779	-0.729503	-0.735215	0.028559	19.769784	0.349346	0.099170	0.011151	0.098940	6	42	49
780	-0.760265	-0.765944	0.028398	20.769784	0.340982	0.090148	0.010995	0.089910	10	52	64
781	-0.739003	-0.744896	0.029465	19.818283	0.348931	0.109716	0.011511	0.109655	7	109	116
782	-0.768876	-0.774734	0.029290	20.818232	0.340587	0.111933	0.011395	0.111742	6	121	128
783	-0.772800	-0.778696	0.029478	19.866731	0.348517	0.101854	0.011444	0.101862	7	51	60
784	-0.779261	-0.785083	0.029109	18.915231	0.356825	0.095064	0.011274	0.094757	7	45	52
785	-0.779626	-0.785411	0.028928	19.915231	0.348104	0.109509	0.011314	0.109588	7	49	57
786	-0.768977	-0.774882	0.029523	20.901531	0.339910	0.104532	0.011574	0.104532	7	41	49
787	-0.737374	-0.743137	0.028816	19.950038	0.347808	0.094455	0.011202	0.094367	6	49	55
788	-0.768375	-0.774175	0.028997	18.998537	0.356082	0.109563	0.011251	0.109268	10	42	52
789	-0.773966	-0.779930	0.029822	19.998537	0.347397	0.108188	0.011730	0.107582	6	47	55
790	-0.779847	-0.785877	0.030151	19.047037	0.355651	0.108910	0.011854	0.108730	6	41	48
791	-0.745927	-0.751778	0.029258	20.047037	0.346986	0.096719	0.011274	0.096504	6	42	49
792	-0.763397	-0.769435	0.030191	20.037733	0.347065	0.100703	0.011737	0.100445	11	43	54
793	-0.776248	-0.782280	0.030160	20.980239	0.339273	0.096387	0.011667	0.096473	6	42	49
794	-0.775376	-0.781236	0.029301	21.944209	0.331657	0.113370	0.011350	0.113464	11	42	55
795	-0.778022	-0.783774	0.028763	22.944209	0.324110	0.106781	0.011239	0.106627	6	42	49
796	-0.722937	-0.728659	0.028608	23.944209	0.316899	0.098447	0.010992	0.098419	6	52	58
797	-0.767754	-0.773556	0.029007	24.944209	0.310001	0.124093	0.011192	0.123944	7	47	55
798	-0.763820	-0.769422	0.028011	25.942738	0.303407	0.111417	0.010838	0.110999	14	87	102
799	-0.788613	-0.794474	0.029306	24.991237	0.309684	0.117776	0.011413	0.117593	28	143	171
800	-0.776710	-0.782598	0.029441	24.039737	0.316227	0.108431	0.011431	0.108306	10	45	56
801	-0.791130	-0.797287	0.030783	25.039737	0.309358	0.096833	0.011918	0.096830	6	52	59
802	-0.773087	-0.779102	0.030075	26.039735	0.302782	0.092843	0.011563	0.092566	7	42	50
803	-0.762506	-0.768517	0.030053	25.088636	0.309030	0.134988	0.011708	0.134727	7	51	59
804	-0.762482	-0.768258	0.028884	24.137135	0.315544	0.105014	0.011085	0.105057	6	42	49
805	-0.778584	-0.784303	0.028595	25.137135	0.308705	0.109057	0.010975	0.109040	6	48	55
806	-0.751378	-0.757273	0.029473	24.185873	0.315204	0.121603	0.011395	0.121156	7	41	49
807	-0.758979	-0.764940	0.029805	25.185873	0.308379	0.098092	0.011522	0.097824	7	50	57
808	-0.771864	-0.777794	0.029655	24.234372	0.314866	0.100723	0.011449	0.100725	6	42	49
809	-0.766449	-0.772472	0.030113	24.237737	0.314843	0.106709	0.011583	0.106556	6	48	56
810	-0.787338	-0.793178	0.029199	24.722794	0.311503	0.114712	0.011126	0.114544	7	41	49
811	-0.785463	-0.791561	0.030493	23.771303	0.318123	0.118475	0.011790	0.118256	6	47	54
812	-0.792902	-0.798924	0.030112	22.819805	0.325030	0.104923	0.011708	0.104754	7	60	68
813	-0.793181	-0.799051	0.029355	23.819768	0.317779	0.111485	0.011327	0.111392	6	49	56
814	-0.800993	-0.807023	0.030149	22.868267	0.324671	0.102635	0.011635	0.102644	6	42	49
815	-0.751359	-0.757115	0.028779	21.916767	0.331869	0.123060	0.011162	0.122886	6	49	56
816	-0.755885	-0.761753	0.029340	22.916765	0.324313	0.094756	0.011376	0.094860	6	43	50
817	-0.776922	-0.782878	0.029782	23.903460	0.317186	0.097423	0.011430	0.097556	6	50	58
818	-0.772509	-0.778221	0.028561	24.903459	0.310277	0.094213	0.010991	0.094051	6	42	48
819	-0.778629	-0.784669	0.030198	25.903335	0.303662	0.097987	0.011566	0.097840	6	48	56
820	-0.776289	-0.782247	0.029791	26.674081	0.298753	0.100953	0.011459	0.100674	7	46	54
821	-0.773336	-0.779258	0.029611	25.722581	0.304837	0.090996	0.011370	0.091179	8	51	60
822	-0.754955	-0.760825	0.029349	26.623254	0.299072	0.105200	0.011311	0.105376	6	42	49
823	-0.769409	-0.775274	0.029325	25.671753	0.305169	0.114532	0.011301	0.114591	6	51	58
824	-0.777599	-0.783502	0.029515	24.720253	0.311520	0.105264	0.011358	0.105168	6	42	49
825	-0.797698	-0.803756	0.030290	23.768752	0.318141	0.111512	0.011684	0.111540	6	50	58
826	-0.803452	-0.809459	0.030035	22.817264	0.325049	0.104020	0.011532	0.103874	7	42	49
827	-0.778352	-0.784384	0.030160	23.816672	0.317801	0.099165	0.011618	0.098972	6	48	56
828	-0.763552	-0.769473	0.029602	22.961510	0.323983	0.110340	0.011340	0.110323	11	42	53
829	-0.750911	-0.756764	0.029266	23.961510	0.316777	0.123808	0.011233	0.123698	6	49	56
830	-0.786730	-0.792501	0.028852	23.010010	0.323626	0.112466	0.011031	0.112407	7	42	50
831	-0.787891	-0.794055	0.030818	24.010010	0.316435	0.086638	0.011995	0.086636	6	50	57
832	-0.789635	-0.795873	0.031186	25.010010	0.309558	0.119383	0.012014	0.119432	7	42	50
833	-0.799320	-0.805426	0.030533	24.059616	0.316087	0.109124	0.011780	0.109084	6	45	53
834	-0.786953	-0.792986	0.030163	25.059616	0.309225	0.110490	0.011650	0.110583	8	42	50
835	-0.823785	-0.829847	0.030306	26.059616	0.302654	0.115334	0.011897	0.115402	7	42	50
836	-0.773492	-0.779456	0.029820	27.059616	0.296356	0.097868	0.011390	0.097809	10	42	53
837	-0.800145	-0.806240	0.030478	26.108116	0.302342	0.122834	0.011811	0.122735	9	49	59
838	-0.750221	-0.756011	0.028949	25.156615	0.308575	0.107896	0.011055	0.107891	6	43	50
839	-0.786539	-0.792382	0.029219	24.205115	0.315070	0.109294	0.011315	0.109194	5	43	49
840	-0.789832	-0.796007	0.030877	25.150918	0.308613	0.122269	0.011977	0.122221	6	51	58
841	-0.774914	-0.780924	0.030050	24.987965	0.309706	0.096326	0.011627	0.095859	7	41	48
842	-0.804177	-0.810289	0.030560	24.036499	0.316249	0.111137	0.011751	0.111036	9	45	55
843	-0.771416	-0.777379	0.029814	25.036499	0.309380	0.097979	0.011541	0.098083	6	42	49
844	-0.775294	-0.781417	0.030611	24.084998	0.315909	0.109369	0.011829	0.109147	6	51	58
845	-0.753841	-0.759867	0.030132	24.191685	0.315163	0.099849	0.011605	0.099722	7	41	49
846	-0.794403	-0.800241	0.029193	24.879366	0.310439	0.110799	0.011246	0.110849	7	49	56
847	-0.769944	-0.775724	0.028901	23.927865	0.317014	0.110573	0.011142	0.110444	7	42	50
848	-0.803283	-0.809222	0.029696	22.976365	0.323873	0.112509	0.011330	0.112216	6	52	59
849	-0.782684	-0.788861	0.030881	23.976362	0.316672	0.115033	0.011988	0.114903	6	42	49
850	-0.776438	-0.782183	0.028724	23.535107	0.319810	0.099066	0.010952	0.098951	6	51	58
851	-0.798735	-0.805000	0.031326	23.131733	0.322733	0.107269	0.012017	0.107226	6	43	50
852	-0.776158	-0.782279	0.030608	22.180233	0.329845	0.098574	0.011751	0.098551	6	53	60
853	-0.774166	-0.780416	0.031251	21.228732	0.337277	0.101333	0.011923	0.101123	12	49	62
854	-0.746982	-0.753020	0.030193	20.277232	0.345051	0.104542	0.011574	0.104424	9	47	56
855	-0.784806	-0.790865	0.030295	19.325734	0.353193	0.110366	0.011685	0.110180	11	66	78
856	-0.795208	-0.801438	0.031151	20.325734	0.344646	0.104518	0.011940	0.104673	7	42	50
857	-0.767152	-0.773212	0.030303	21.325435	0.336506	0.116531	0.011558	0.116507	6	48	55
858	-0.748096	-0.753894	0.028987	22.325435	0.328739	0.094542	0.011311	0.094453	8	42	50
859	-0.732904	-0.738886	0.029912	23.325435	0.321323	0.109116	0.011429	0.109188	6	67	74
860	-0.760612	-0.766620	0.030040	22.373935	0.328372	0.107362	0.011618	0.107346	6	41	48
861	-0.778341	-0.784245	0.029518	23.373931	0.320971	0.125488	0.011322	0.125347	6	48	56
862	-0.745009	-0.750756	0.028738	24.373931	0.313898	0.098998	0.010890	0.098955	7	42	49
863	-0.802521	-0.808544	0.030115	25.373931	0.307129	0.106814	0.011503	0.106659	6	48	55
864	-0.738730	-0.744592	0.029309	26.370152	0.300670	0.093517	0.011185	0.093160	7	43	50
865	-0.797657	-0.803762	0.030526	27.370151	0.294454	0.094112	0.011802	0.094143	7	49	57
866	-0.793608	-0.799661	0.030266	28.370151	0.288489	0.103934	0.011608	0.103956	7	46	55
867	-0.755899	-0.761871	0.029856	27.418651	0.294159	0.092435	0.011435	0.092161	7	49	57
868	-0.765256	-0.771279	0.030112	28.418651	0.288206	0.101691	0.011638	0.101570	6	43	49
869	-0.776165	-0.782315	0.030747	29.418651	0.282490	0.106104	0.011798	0.105877	7	47	54
870	-0.773441	-0.779453	0.030060	28.467151	0.287924	0.114780	0.011596	0.114945	6	43	50
871	-0.758972	-0.764920	0.029738	29.467148	0.282219	0.087594	0.011386	0.087429	7	44	52
872	-0.740911	-0.746790	0.029397	28.515738	0.287641	0.103948	0.011257	0.103925	8	42	50
873	-0.789756	-0.795678	0.029614	28.004839	0.290640	0.112830	0.011346	0.112950	6	42	48
874	-0.783039	-0.788979	0.029697	28.969206	0.285031	0.129659	0.011508	0.129833	9	44	54
875	-0.800038	-0.806225	0.030934	28.017706	0.290564	0.111013	0.011886	0.111250	6	42	50
876	-0.781298	-0.787259	0.029804	27.066205	0.296316	0.115981	0.011427	0.115791	7	52	60
877	-0.768529	-0.774570	0.030206	28.066205	0.290276	0.110518	0.011700	0.110214	6	42	48
878	-0.769166	-0.775094	0.029643	27.114730	0.296017	0.100020	0.011462	0.099997	6	50	57
879	-0.784543	-0.790550	0.030038	28.114730	0.289990	0.108625	0.011496	0.108573	6	42	49
880	-0.769484	-0.775523	0.030193	29.017145	0.284758	0.116356	0.011496	0.116083	6	49	56
881	-0.784040	-0.790231	0.030957	30.015762	0.279184	0.108488	0.011954	0.108241	8	42	52
882	-0.767406	-0.773440	0.030172	31.015028	0.273820	0.113232	0.011464	0.113267	7	49	56
883	-0.765235	-0.771394	0.030794	31.952450	0.268973	0.107912	0.011779	0.108040	6	51	57
884	-0.799188	-0.805445	0.031285	32.952450	0.263987	0.111382	0.012023	0.111341	6	48	54
885	-0.728484	-0.734283	0.028999	32.000949	0.268727	0.097139	0.011065	0.097065	6	42	48
886	-0.789810	-0.795871	0.030309	32.995274	0.263778	0.107585	0.011586	0.107481	6	50	57
887	-0.779329	-0.785474	0.030726	33.995274	0.258982	0.092188	0.011763	0.091837	7	43	50
888	-0.779547	-0.785588	0.030208	33.043778	0.263541	0.107186	0.011468	0.106691	6	51	58
889	-0.815523	-0.821671	0.030739	34.043778	0.258753	0.101056	0.011759	0.101123	5	43	49
890	-0.785867	-0.792034	0.030835	33.092277	0.263305	0.093110	0.011929	0.092961	6	51	59
891	-0.791059	-0.797101	0.030207	34.092277	0.258526	0.111694	0.011558	0.111464	8	41	49
892	-0.767091	-0.773141	0.030250	33.140777	0.263069	0.098295	0.011615	0.097878	6	51	57
893	-0.816299	-0.822358	0.030294	34.064391	0.258657	0.105639	0.011792	0.105551	6	41	48
894	-0.763575	-0.769571	0.029980	33.112928	0.263204	0.107790	0.011426	0.107752	6	50	58
895	-0.779378	-0.785368	0.029952	34.112095	0.258433	0.104252	0.011524	0.104470	9	41	50
896	-0.771571	-0.777436	0.029324	35.106679	0.253852	0.108348	0.011274	0.108393	15	48	63
897	-0.723202	-0.729172	0.029846	34.155468	0.258229	0.105938	0.011528	0.105991	6	41	49
898	-0.742932	-0.748934	0.030011	33.203967	0.262762	0.103630	0.011485	0.103504	6	50	56
899	-0.802959	-0.809294	0.031673	32.252467	0.267457	0.108304	0.012123	0.108218	6	41	49
900	-0.776402	-0.782542	0.030702	31.300967	0.272323	0.114116	0.011822	0.114124	7	49	56
901	-0.790229	-0.796195	0.029829	30.350472	0.277364	0.103747	0.011309	0.103782	6	41	48
902	-0.772313	-0.778207	0.029466	29.398972	0.282600	0.118197	0.011155	0.118291	7	50	58
903	-0.782069	-0.787952	0.029415	30.398972	0.277102	0.116559	0.011201	0.116323	6	41	48
904	-0.807086	-0.813244	0.030792	31.398971	0.271814	0.110185	0.011894	0.110050	6	47	54
905	-0.797105	-0.803279	0.030870	30.447471	0.276841	0.107594	0.011751	0.107524	6	41	48
906	-0.790810	-0.796834	0.030120	31.447471	0.271562	0.115271	0.011503	0.115181	5	48	54
907	-0.774867	-0.780888	0.030106	32.447471	0.266482	0.105009	0.011512	0.104884	10	40	52
908	-0.774288	-0.780466	0.030891	33.440978	0.261618	0.107828	0.011871	0.108052	6	42	48
909	-0.792348	-0.798645	0.031483	32.500554	0.266217	0.104118	0.012049	0.103857	9	42	53
910	-0.764365	-0.770495	0.030653	33.499135	0.261339	0.117354	0.011732	0.117130	6	42	48
911	-0.753625	-0.759630	0.030024	32.547635	0.265983	0.105970	0.011311	0.105857	9	44	54
912	-0.763924	-0.770081	0.030785	33.547635	0.261107	0.108624	0.011868	0.108759	8	41	50
913	-0.777564	-0.783895	0.031654	32.596135	0.265742	0.106824	0.012183	0.106552	6	52	59
914	-0.740549	-0.746673	0.030624	33.596022	0.260876	0.111734	0.011643	0.111787	6	41	48
915	-0.765735	-0.771880	0.030724	34.596021	0.256183	0.096954	0.011749	0.096624	6	46	53
916	-0.743782	-0.749947	0.030824	33.644521	0.260644	0.101386	0.011839	0.101108	6	42	48
917	-0.766958	-0.773023	0.030325	32.845370	0.264512	0.099254	0.011597	0.099144	6	49	56
918	-0.764421	-0.770519	0.030489	33.845370	0.259689	0.095684	0.011668	0.095371	6	42	49
919	-0.756604	-0.762596	0.029960	34.845370	0.255039	0.116261	0.011472	0.116330	7	48	56
920	-0.761053	-0.767040	0.029933	33.894546	0.259457	0.097712	0.011357	0.097411	7	41	48
921	-0.760368	-0.766410	0.030206	34.894546	0.254815	0.109180	0.011535	0.109070	6	46	52
922	-0.805330	-0.811567	0.031186	33.943046	0.259228	0.101496	0.011983	0.101377	8	42	51
923	-0.756506	-0.762648	0.030712	32.991545	0.263796	0.113189	0.011676	0.113232	6	47	53
924	-0.764180	-0.770109	0.029646	32.040045	0.268529	0.097202	0.011253	0.097281	6	42	49
925	-0.764548	-0.770539	0.029956	31.089837	0.273427	0.103042	0.011497	0.103164	7	49	56
926	-0.763252	-0.769497	0.031226	32.089831	0.268277	0.095498	0.011858	0.095513	8	90	99
927	-0.780278	-0.786681	0.032017	31.138331	0.273173	0.106030	0.012356	0.105956	7	127	134
928	-0.761045	-0.767142	0.030485	32.138331	0.268032	0.108760	0.011566	0.108544	12	136	152
929	-0.761116	-0.767043	0.029634	33.077442	0.263377	0.102383	0.011198	0.102294	33	137	191
930	-0.774399	-0.780773	0.031870	32.125942	0.268094	0.103900	0.012251	0.103603	10	47	59
931	-0.782311	-0.788448	0.030686	33.125942	0.263141	0.100207	0.011671	0.100224	6	53	60
932	-0.806601	-0.812851	0.031251	32.174442	0.267850	0.104053	0.011876	0.103849	6	43	50
933	-0.731154	-0.737248	0.030474	33.174442	0.262906	0.097559	0.011599	0.097256	6	50	57
934	-0.821952	-0.828305	0.031766	33.990505	0.259004	0.111497	0.012325	0.111225	6	43	50
935	-0.762183	-0.768388	0.031024	33.039269	0.263563	0.113177	0.011855	0.112952	5	52	59
936	-0.788412	-0.794738	0.031629	32.087769	0.268287	0.096531	0.012140	0.096456	7	41	48
937	-0.798488	-0.804660	0.030857	31.136268	0.273183	0.100517	0.011699	0.100597	6	51	58
938	-0.784531	-0.790672	0.030707	32.136177	0.268043	0.112715	0.011798	0.112750	6	42	50
939	-0.771982	-0.777935	0.029768	33.136151	0.263092	0.107004	0.011297	0.107046	6	48	55
940	-0.766713	-0.772909	0.030982	32.184651	0.267798	0.105911	0.011727	0.106068	6	42	48
941	-0.799093	-0.805333	0.031202	33.174695	0.262904	0.103329	0.011920	0.103454	6	47	54
942	-0.780366	-0.786753	0.031935	32.224706	0.267597	0.094889	0.012136	0.094554	6	46	52
943	-0.753444	-0.759564	0.030603	31.273206	0.272468	0.095782	0.011670	0.095381	7	115	122
944	-0.792084	-0.798170	0.030431	30.321705	0.277519	0.103925	0.011565	0.104202	32	87	120
945	-0.771123	-0.777180	0.030286	31.321705	0.272215	0.087417	0.011615	0.087407	37	65	104
946	-0.797690	-0.803845	0.030776	30.370205	0.277257	0.117001	0.011668	0.116762	7	51	59
947	-0.803262	-0.809537	0.031375	29.418704	0.282490	0.117442	0.011954	0.117258	7	42	50
948	-0.777486	-0.783553	0.030334	28.467209	0.287923	0.107264	0.011436	0.107352	6	52	59
949	-0.791837	-0.797833	0.029980	27.515709	0.293570	0.105438	0.011292	0.105289	6	43	50
950	-0.762402	-0.768422	0.030099	28.515709	0.287641	0.116174	0.011443	0.116078	6	51	58
951	-0.780363	-0.786571	0.031039	29.515709	0.281947	0.102458	0.012003	0.102106	6	42	49
952	-0.767422	-0.773701	0.031393	30.515709	0.276474	0.120431	0.011934	0.120338	6	50	57
953	-0.750602	-0.756774	0.030863	29.666689	0.281107	0.092320	0.011715	0.092306	6	42	49
954	-0.824386	-0.830522	0.030684	30.665704	0.275672	0.113621	0.011665	0.113237	6	50	57
955	-0.750104	-0.756086	0.029912	31.017470	0.273807	0.105253	0.011307	0.105096	6	43	50
956	-0.822036	-0.828376	0.031702	30.065970	0.278909	0.090364	0.012280	0.089858	6	69	76
957	-0.798129	-0.804189	0.030299	29.114471	0.284205	0.118116	0.011430	0.118060	9	98	108
958	-0.806570	-0.812945	0.031880	28.365839	0.288515	0.120924	0.012323	0.120843	6	70	77
959	-0.772716	-0.779161	0.032225	29.365839	0.282786	0.116989	0.012275	0.116835	6	42	49
960	-0.741323	-0.747572	0.031244	28.414338	0.288231	0.092699	0.012042	0.092561	6	43	51
961	-0.728212	-0.734398	0.030931	27.462838	0.293890	0.091912	0.011733	0.092005	9	42	51
962	-0.774553	-0.780697	0.030720	26.511338	0.299776	0.118658	0.011723	0.118617	6	42	49
963	-0.784199	-0.790507	0.031544	25.559837	0.305902	0.091873	0.011970	0.091590	10	44	55
964	-0.791177	-0.797645	0.032340	24.608337	0.312284	0.104844	0.012357	0.104876	6	42	49
965	-0.747860	-0.754179	0.031596	25.608337	0.305584	0.121362	0.012024	0.121334	6	53	60
966	-0.774334	-0.780526	0.030959	26.608337	0.299165	0.110817	0.011854	0.110954	6	47	54
967	-0.787570	-0.793903	0.031665	27.608337	0.293011	0.123310	0.012134	0.123016	32	147	179
968	-0.723403	-0.729485	0.030413	26.666821	0.298798	0.116523	0.011500	0.116442	32	149	182
969	-0.747974	-0.754031	0.030285	27.666821	0.292659	0.088358	0.011450	0.088510	9	44	54
970	-0.759958	-0.766020	0.030309	28.666820	0.286766	0.105174	0.011581	0.104894	6	51	58
971	-0.835819	-0.842120	0.031505	27.716429	0.292361	0.125633	0.012018	0.125509	6	52	59
972	-0.775776	-0.782002	0.031130	28.716429	0.286480	0.107648	0.011749	0.107521	6	51	58
973	-0.801434	-0.807768	0.031666	29.352282	0.282862	0.103276	0.011969	0.103406	6	42	49
974	-0.780681	-0.786974	0.031464	30.352282	0.277354	0.091595	0.011933	0.091465	6	49	55
975	-0.792855	-0.798921	0.030330	29.408261	0.282548	0.113069	0.011614	0.113064	10	41	51
976	-0.790639	-0.796955	0.031581	28.456761	0.287984	0.109675	0.011895	0.109628	8	50	59
977	-0.748088	-0.754506	0.032090	27.505261	0.293633	0.093267	0.012244	0.093236	6	46	53
978	-0.815923	-0.822329	0.032030	26.553760	0.299509	0.128499	0.012338	0.128322	8	116	126
979	-0.788468	-0.794580	0.030563	25.602260	0.305624	0.105106	0.011576	0.104958	59	92	153
980	-0.763111	-0.769595	0.032421	24.650759	0.311994	0.119566	0.012281	0.119456	33	122	156
981	-0.783692	-0.790091	0.031999	23.699266	0.318635	0.091663	0.012286	0.091525	37	129	167
982	-0.758217	-0.764382	0.030821	24.699265	0.311663	0.098634	0.011615	0.098537	13	139	153
983	-0.803309	-0.809626	0.031585	25.699251	0.304989	0.114564	0.011959	0.114422	27	139	167
984	-0.782620	-0.788880	0.031299	26.699251	0.298595	0.101882	0.012008	0.101621	7	45	53
985	-0.803049	-0.809436	0.031934	25.752906	0.304639	0.117387	0.012117	0.117144	6	50	57
986	-0.769765	-0.775985	0.031099	24.801406	0.310968	0.119004	0.011689	0.118769	7	41	50
987	-0.783741	-0.789780	0.030194	25.800931	0.304327	0.102219	0.011474	0.101954	10	48	58
988	-0.785711	-0.791972	0.031306	26.800014	0.297966	0.095416	0.011835	0.095173	6	43	49
989	-0.755647	-0.761785	0.030688	25.848513	0.304017	0.115752	0.011536	0.115536	6	50	56
990	-0.771610	-0.777990	0.031902	26.848513	0.297664	0.091355	0.012039	0.091213	6	43	50
991	-0.750455	-0.756707	0.031258	27.848424	0.291571	0.091995	0.011944	0.091732	6	53	60
992	-0.790706	-0.796939	0.031163	28.848044	0.285724	0.096575	0.011643	0.096490	7	116	124
993	-0.773125	-0.779284	0.030799	29.848042	0.280104	0.114088	0.011640	0.113998	32	149	181
994	-0.763287	-0.769450	0.030816	28.896542	0.285446	0.106354	0.011660	0.106259	22	120	153
995	-0.763614	-0.769886	0.031357	29.896542	0.279838	0.111301	0.011853	0.111358	14	143	177
996	-0.766800	-0.773196	0.031978	29.770970	0.280530	0.110973	0.011954	0.111073	32	123	158
997	-0.766985	-0.773313	0.031637	28.819469	0.285888	0.104772	0.011986	0.104401	27	144	171
998	-0.778849	-0.785224	0.031875	27.867985	0.291454	0.107841	0.012072	0.107849	28	72	101
999	-0.816264	-0.822933	0.033345	28.867985	0.285609	0.115392	0.012769	0.115230	11	67	79
