0.4
0.8
1.2
1.6
2
2.4
2.8
3.2
3.6
4
4.4
4.8
5.2
5.6
6
6.4
6.8
7.2
7.6
8
8.4
8.8
9.2
9.6
10
10.4
10.8
11.2
11.6
12
12.4
12.8
13.2
13.6
14
14.4
14.8
15.2
15.6
16
16.4
16.8
17.2
17.6
18
18.4
18.8
19.2
19.6
20
20.4
20.8
21.2
21.6
22
22.4
22.8
23.2
23.6
24
24.4
24.8
25.2
25.6
26
26.4
26.8
27.2
27.6
28
28.4
28.8
29.2
29.6
30
30.4
30.8
31.2
31.6
32
32.4
32.8
33.2
33.6
34
34.4
34.8
35.2
35.6
36
36.4
36.8
37.2
37.6
38
38.4
38.8
39.2
39.6
40
40.4
40.8
41.2
41.6
42
42.4
42.8
43.2
43.6
44
44.4
44.8
45.2
45.6
46
46.4
46.8
47.2
47.6
48
48.4
48.8
49.2
49.6
50
50.4
50.8
51.2
51.6
52
52.4
52.8
53.2
53.6
54
54.4
54.8
55.2
55.6
56
56.4
56.8
57.2
57.6
58
58.4
58.8
59.2
59.6
60
60.4
60.8
61.2
61.6
62
62.4
62.8
63.2
63.6
64
64.4
64.8
65.2
65.6
66
66.4
66.8
67.2
67.6
68
68.4
68.8
69.2
69.6
70
70.4
70.8
71.2
71.6
72
72.4
72.8
73.2
73.6
74
74.4
74.8
75.2
75.6
76
76.4
76.8
77.2
77.6
78
78.4
78.8
79.2
79.6
80
80.4
80.8
81.2
81.6
82
82.4
82.8
83.2
83.6
84
84.4
84.8
85.2
85.6
86
86.4
86.8
87.2
87.6
88
88.4
88.8
89.2
89.6
90
90.4
90.8
91.2
91.6
92
92.4
92.8
93.2
93.6
94
94.4
94.8
95.2
95.6
96
96.4
96.8
97.2
97.6
98
98.4
98.8
99.2
99.6
100
100.4
100.8
101.2
101.6
102
102.4
102.8
103.2
103.6
104
104.4
104.8
105.2
105.6
106
106.4
106.8
107.2
107.6
108
108.4
108.8
109.2
109.6
110
110.4
110.8
111.2
111.6
112
112.4
112.8
113.2
113.6
114
114.4
114.8
115.2
115.6
116
116.4
116.8
117.2
117.6
118
118.4
118.8
119.2
119.6
120
